689 
-0.000010 103160.000000 
-0.000030 -25500.000000 
0.000000 -7740.000000 
0.000020 62470.000000 
0.000030 16330.000000 
0.000090 24930.000000 
0.000080 152160.000000 
0.000090 114910.000000 
0.000180 190850.000000 
0.000210 379980.000000 
0.000240 263350.000000 
0.000280 281400.000000 
0.000290 464800.000000 
0.000330 314640.000000 
0.000360 411790.000000 
0.000390 521830.000000 
0.000430 401760.000000 
0.000470 446460.000000 
0.000490 498330.000000 
0.000540 587450.000000 
0.000550 554780.000000 
0.000580 662240.000000 
0.000640 764540.000000 
0.000690 826150.000000 
0.000690 890060.000000 
0.000730 874300.000000 
0.000770 860540.000000 
0.000820 965140.000000 
0.000820 868850.000000 
0.000870 1038780.000000 
0.000880 1098100.000000 
0.000890 1008120.000000 
0.000920 1207280.000000 
0.000970 1225910.000000 
0.000980 1273480.000000 
0.001020 1328210.000000 
0.001050 1346840.000000 
0.001060 1238800.000000 
0.001110 1307290.000000 
0.001110 1318750.000000 
0.001160 1357440.000000 
0.001210 1334510.000000 
0.001240 1466900.000000 
0.001290 1437960.000000 
0.001310 1631390.000000 
0.001320 1663200.000000 
0.001370 1632820.000000 
0.001360 1657180.000000 
0.001410 1655180.000000 
0.001430 1734270.000000 
0.001450 1736270.000000 
0.001500 1799890.000000 
0.001500 1687840.000000 
0.001560 1796450.000000 
0.001590 1789000.000000 
0.001620 1886430.000000 
0.001630 1915370.000000 
0.001670 2106510.000000 
0.001710 1994750.000000 
0.001720 1882700.000000 
0.001770 2051200.000000 
0.001810 2017670.000000 
0.001860 2098480.000000 
0.001870 2152930.000000 
0.001890 2257240.000000 
0.001900 2222570.000000 
0.001900 2184170.000000 
0.001940 2192760.000000 
0.002000 2323430.000000 
0.002050 2334900.000000 
0.002040 2346930.000000 
0.002100 2337480.000000 
0.002140 2508840.000000 
0.002170 2414560.000000 
0.002170 2446940.000000 
0.002190 2446080.000000 
0.002250 2499100.000000 
0.002290 2624610.000000 
0.002260 2703700.000000 
0.002310 2778490.000000 
0.002330 2740380.000000 
0.002380 2840100.000000 
0.002410 2786230.000000 
0.002420 2742100.000000 
0.002480 2838670.000000 
0.002490 2846690.000000 
0.002550 2751840.000000 
0.002520 2934380.000000 
0.002570 2901430.000000 
0.002600 3028950.000000 
0.002640 3076520.000000 
0.002660 3044710.000000 
0.002680 3032100.000000 
0.002730 3130390.000000 
0.002750 3171370.000000 
0.002800 3176810.000000 
0.002850 3126950.000000 
0.002850 3134400.000000 
0.002880 3293730.000000 
0.002920 3415230.000000 
0.002940 3312360.000000 
0.002980 3385720.000000 
0.002980 3465950.000000 
0.003020 3398610.000000 
0.003060 3435290.000000 
0.003090 3530140.000000 
0.003090 3463950.000000 
0.003140 3527280.000000 
0.003160 3541030.000000 
0.003220 3602070.000000 
0.003250 3609230.000000 
0.003310 3802660.000000 
0.003290 3797790.000000 
0.003340 3770850.000000 
0.003340 3972880.000000 
0.003360 3767130.000000 
0.003380 3700930.000000 
0.003390 3902380.000000 
0.003440 3847650.000000 
0.003490 3882900.000000 
0.003510 4044810.000000 
0.003540 4015860.000000 
0.003570 4096670.000000 
0.003610 4099830.000000 
0.003640 4176910.000000 
0.003660 4109850.000000 
0.003680 4286380.000000 
0.003750 4195540.000000 
0.003780 4239090.000000 
0.003810 4264020.000000 
0.003770 4343970.000000 
0.003830 4384950.000000 
0.003850 4409880.000000 
0.003910 4429660.000000 
0.003920 4335660.000000 
0.003960 4470920.000000 
0.003980 4485250.000000 
0.003990 4460320.000000 
0.004010 4533390.000000 
0.004060 4623090.000000 
0.004070 4578380.000000 
0.004130 4804190.000000 
0.004160 4624520.000000 
0.004200 4785570.000000 
0.004230 4829410.000000 
0.004250 4796740.000000 
0.004280 4833420.000000 
0.004310 4885860.000000 
0.004340 4905920.000000 
0.004360 4902480.000000 
0.004410 5079290.000000 
0.004410 4880130.000000 
0.004460 5033440.000000 
0.004470 5122270.000000 
0.004540 5134600.000000 
0.004500 5148060.000000 
0.004560 5287050.000000 
0.004600 5229730.000000 
0.004620 5181590.000000 
0.004620 5259820.000000 
0.004660 5192190.000000 
0.004680 5246070.000000 
0.004730 5399660.000000 
0.004800 5346080.000000 
0.004800 5300800.000000 
0.004830 5493080.000000 
0.004900 5494800.000000 
0.004890 5591370.000000 
0.004950 5562140.000000 
0.004960 5473020.000000 
0.004970 5578770.000000 
0.005000 5655850.000000 
0.004990 5512860.000000 
0.005040 5646390.000000 
0.005080 5856440.000000 
0.005100 5788240.000000 
0.005120 5741250.000000 
0.005160 5936390.000000 
0.005210 5875930.000000 
0.005200 5849570.000000 
0.005240 5802860.000000 
0.005250 5830370.000000 
0.005310 5911180.000000 
0.005330 5981960.000000 
0.005350 6038410.000000 
0.005390 5961040.000000 
0.005430 6120940.000000 
0.005440 6157050.000000 
0.005430 6161060.000000 
0.005490 6153030.000000 
0.005500 6262500.000000 
0.005550 6218080.000000 
0.005610 6171090.000000 
0.005610 6295740.000000 
0.005650 6335290.000000 
0.005680 6261070.000000 
0.005680 6467960.000000 
0.005740 6416380.000000 
0.005790 6513240.000000 
0.005800 6583450.000000 
0.005820 6516110.000000 
0.005850 6507220.000000 
0.005840 6645060.000000 
0.005970 6586310.000000 
0.005920 6579440.000000 
0.005970 6684320.000000 
0.006000 6626430.000000 
0.006070 6825310.000000 
0.006060 6857970.000000 
0.006080 6833330.000000 
0.006090 6800660.000000 
0.006150 6961130.000000 
0.006160 6906400.000000 
0.006200 6927030.000000 
0.006260 7067450.000000 
0.006310 6932770.000000 
0.006300 7060290.000000 
0.006310 7026470.000000 
0.006340 7097820.000000 
0.006370 7140230.000000 
0.006420 7218750.000000 
0.006450 7156860.000000 
0.006480 7273490.000000 
0.006500 7404730.000000 
0.006550 7307590.000000 
0.006560 7419060.000000 
0.006570 7437690.000000 
0.006590 7263740.000000 
0.006680 7260590.000000 
0.006690 7414760.000000 
0.006690 7333950.000000 
0.006710 7487830.000000 
0.006720 7616210.000000 
0.006760 7573520.000000 
0.006780 7596150.000000 
0.006830 7745160.000000 
0.006880 7703330.000000 
0.006870 7703900.000000 
0.006940 7787290.000000 
0.006960 7791590.000000 
0.006980 7805630.000000 
0.007040 7886150.000000 
0.007060 7853200.000000 
0.007140 7911370.000000 
0.007110 7959800.000000 
0.007170 7995620.000000 
0.007180 8074140.000000 
0.007210 8155230.000000 
0.007260 8076720.000000 
0.007260 8132600.000000 
0.007280 8197360.000000 
0.007330 8113110.000000 
0.007340 8193630.000000 
0.007370 8255240.000000 
0.007400 8248370.000000 
0.007450 8236620.000000 
0.007470 8413140.000000 
0.007480 8372730.000000 
0.007530 8355540.000000 
0.007560 8553550.000000 
0.007590 8431480.000000 
0.007630 8489360.000000 
0.007620 8526900.000000 
0.007640 8537220.000000 
0.007680 8572470.000000 
0.007710 8717750.000000 
0.007770 8614020.000000 
0.007780 8773920.000000 
0.007850 8698550.000000 
0.007850 8688810.000000 
0.007860 8699410.000000 
0.007870 8928950.000000 
0.007960 8828360.000000 
0.007990 8906880.000000 
0.007990 8951870.000000 
0.008030 8868770.000000 
0.008040 8875650.000000 
0.008040 8849000.000000 
0.008070 8905160.000000 
0.008100 8969070.000000 
0.008150 8903440.000000 
0.008190 9085120.000000 
0.008210 9083980.000000 
0.008280 9142440.000000 
0.008290 9108910.000000 
0.008330 9243880.000000 
0.008330 9351620.000000 
0.008390 9290590.000000 
0.008390 9263650.000000 
0.008410 9275110.000000 
0.008440 9287150.000000 
0.008470 9360220.000000 
0.008520 9312370.000000 
0.008530 9400910.000000 
0.008560 9404070.000000 
0.008620 9527570.000000 
0.008630 9519260.000000 
0.008650 9678300.000000 
0.008670 9621850.000000 
0.008710 9698080.000000 
0.008740 9593770.000000 
0.008780 9715270.000000 
0.008800 9686900.000000 
0.008810 9657670.000000 
0.008840 9883770.000000 
0.008900 9874880.000000 
0.008910 9756250.000000 
0.008940 9802670.000000 
0.008950 9962000.000000 
0.008990 9984920.000000 
0.009020 10027910.000000 
0.009080 9987790.000000 
0.009090 10073470.000000 
0.009150 10145110.000000 
0.009130 10076620.000000 
0.009190 10104420.000000 
0.009180 10257440.000000 
0.009210 10149700.000000 
0.009220 10107570.000000 
0.009280 10237670.000000 
0.009300 10191250.000000 
0.009390 10251710.000000 
0.009370 10357740.000000 
0.009440 10431960.000000 
0.009400 10451160.000000 
0.009430 10529100.000000 
0.009460 10481250.000000 
0.009530 10532540.000000 
0.009570 10580400.000000 
0.009550 10448290.000000 
0.009600 10599880.000000 
0.009620 10511050.000000 
0.009670 10627970.000000 
0.009690 10695590.000000 
0.009740 10854920.000000 
0.009780 10774110.000000 
0.009820 10741730.000000 
0.009810 10894470.000000 
0.009830 10802770.000000 
0.009870 10860650.000000 
0.009890 10967250.000000 
0.009920 10940600.000000 
0.009960 10896760.000000 
0.009960 10962100.000000 
0.010010 10906500.000000 
0.010030 10999060.000000 
0.010040 11141770.000000 
0.010100 11002790.000000 
0.010130 11155240.000000 
0.010160 11320580.000000 
0.010180 11206530.000000 
0.010260 11247220.000000 
0.010250 11304820.000000 
0.010280 11293070.000000 
0.010290 11251240.000000 
0.010290 11405690.000000 
0.010380 11240630.000000 
0.010390 11355260.000000 
0.010420 11402830.000000 
0.010430 11445810.000000 
0.010430 11518310.000000 
0.010480 11606290.000000 
0.010540 11632360.000000 
0.010570 11602270.000000 
0.010590 11734660.000000 
0.010580 11618610.000000 
0.010650 11695120.000000 
0.010720 11652710.000000 
0.010700 11724640.000000 
0.010710 11687380.000000 
0.010780 11680790.000000 
0.010720 11759310.000000 
0.010800 11819490.000000 
0.010800 11832670.000000 
0.010820 11857030.000000 
0.010870 11938410.000000 
0.010890 11879950.000000 
0.010900 11994000.000000 
0.010910 11912620.000000 
0.010990 11951590.000000 
0.010990 12024380.000000 
0.011060 12008900.000000 
0.011050 11981110.000000 
0.011080 12081120.000000 
0.011120 12101750.000000 
0.011160 12127250.000000 
0.011210 12181130.000000 
0.011220 12361370.000000 
0.011250 12214080.000000 
0.011320 12376560.000000 
0.011310 12370260.000000 
0.011310 12301200.000000 
0.011360 12473700.000000 
0.011400 12418110.000000 
0.011430 12357650.000000 
0.011460 12353060.000000 
0.011510 12519550.000000 
0.011550 12510380.000000 
0.011570 12672580.000000 
0.011540 12601220.000000 
0.011600 12644780.000000 
0.011680 12795800.000000 
0.011670 12704670.000000 
0.011700 12737050.000000 
0.011730 12829900.000000 
0.011750 12815290.000000 
0.011770 12893800.000000 
0.011830 12768580.000000 
0.011820 12806400.000000 
0.011880 12802960.000000 
0.011940 13013300.000000 
0.011930 12934780.000000 
0.011930 12869730.000000 
0.011970 13103280.000000 
0.012050 13047690.000000 
0.012060 13058000.000000 
0.012100 13162600.000000 
0.012100 13142820.000000 
0.012150 13166900.000000 
0.012160 13242260.000000 
0.012200 13184660.000000 
0.012270 13177210.000000 
0.012300 13515640.000000 
0.012300 13333100.000000 
0.012330 13320780.000000 
0.012360 13450880.000000 
0.012360 13421650.000000 
0.012440 13444570.000000 
0.012450 13651180.000000 
0.012470 13558910.000000 
0.012540 13589290.000000 
0.012510 13593300.000000 
0.012560 13656630.000000 
0.012620 13745460.000000 
0.012600 13718530.000000 
0.012660 13637140.000000 
0.012690 13773830.000000 
0.012690 13738580.000000 
0.012760 13742020.000000 
0.012780 13734570.000000 
0.012820 13934590.000000 
0.012830 13912240.000000 
0.012870 13897050.000000 
0.012900 13977860.000000 
0.012930 14002510.000000 
0.012960 13941180.000000 
0.013000 14062970.000000 
0.012990 13910520.000000 
0.013040 13978150.000000 
0.013070 14109110.000000 
0.013050 14148370.000000 
0.013130 14194500.000000 
0.013150 14236630.000000 
0.013180 14190780.000000 
0.013190 14338360.000000 
0.013220 14360420.000000 
0.013260 14250380.000000 
0.013270 14373600.000000 
0.013330 14421170.000000 
0.013340 14353830.000000 
0.013390 14469600.000000 
0.013420 14444670.000000 
0.013450 14367010.000000 
0.013470 14579070.000000 
0.013500 14550120.000000 
0.013510 14561300.000000 
0.013550 14590530.000000 
0.013590 14632650.000000 
0.013620 14613170.000000 
0.013630 14693120.000000 
0.013690 14869930.000000 
0.013710 14710030.000000 
0.013770 14758170.000000 
0.013800 14871930.000000 
0.013820 14881960.000000 
0.013820 14785100.000000 
0.013880 14901450.000000 
0.013900 14910330.000000 
0.013910 14913200.000000 
0.013970 15124390.000000 
0.013950 14921510.000000 
0.014030 15062780.000000 
0.014020 15148460.000000 
0.014080 15102040.000000 
0.014110 15266810.000000 
0.014150 15269390.000000 
0.014160 15243310.000000 
0.014200 15221540.000000 
0.014250 15381720.000000 
0.014240 15330140.000000 
0.014260 15236440.000000 
0.014310 15329000.000000 
0.014320 15370550.000000 
0.014340 15365100.000000 
0.014390 15480300.000000 
0.014410 15487750.000000 
0.014440 15628740.000000 
0.014480 15544490.000000 
0.014500 15625590.000000 
0.014530 15590340.000000 
0.014570 15679460.000000 
0.014580 15604090.000000 
0.014650 15637340.000000 
0.014620 15675450.000000 
0.014730 15768870.000000 
0.014710 15636480.000000 
0.014720 15777180.000000 
0.014750 15753390.000000 
0.014790 15785490.000000 
0.014840 16105000.000000 
0.014820 15934210.000000 
0.014930 16023910.000000 
0.014910 16034800.000000 
0.014950 15909570.000000 
0.014980 15966310.000000 
0.014990 16045680.000000 
0.015020 16046540.000000 
0.015060 15964010.000000 
0.015090 16064880.000000 
0.015130 16096410.000000 
0.015150 15996400.000000 
0.015210 16204730.000000 
0.015230 16223070.000000 
0.015170 16187530.000000 
0.015280 16404170.000000 
0.015300 16333390.000000 
0.015300 16304160.000000 
0.015370 16464350.000000 
0.015390 16426520.000000 
0.015370 16396720.000000 
0.015420 16483260.000000 
0.015470 16421940.000000 
0.015470 16335400.000000 
0.015520 16525960.000000 
0.015560 16470370.000000 
0.015570 16495300.000000 
0.015630 16652910.000000 
0.015630 16806220.000000 
0.015680 16702770.000000 
0.015680 16889320.000000 
0.015710 16826280.000000 
0.015730 16804210.000000 
0.015750 16778420.000000 
0.015870 16801630.000000 
0.015870 16842610.000000 
0.015880 16950360.000000 
0.015920 16861520.000000 
0.015920 16854650.000000 
0.015960 16883880.000000 
0.016020 17035750.000000 
0.016060 16937180.000000 
0.016050 17080170.000000 
0.016110 17085610.000000 
0.016120 17097650.000000 
0.016160 17169000.000000 
0.016180 17200240.000000 
0.016190 17201960.000000 
0.016240 17210550.000000 
0.016290 17198230.000000 
0.016280 17219150.000000 
0.016310 17343520.000000 
0.016360 17230330.000000 
0.016400 17350970.000000 
0.016420 17377330.000000 
0.016420 17385070.000000 
0.016490 17415730.000000 
0.016500 17459000.000000 
0.016520 17436360.000000 
0.016580 17547840.000000 
0.016570 17548410.000000 
0.016640 17651000.000000 
0.016650 17589100.000000 
0.016650 17604860.000000 
0.016720 17606010.000000 
0.016720 17636960.000000 
0.016760 17854170.000000 
0.016810 17681370.000000 
0.016810 17686530.000000 
0.016850 17817490.000000 
0.016850 17755310.000000 
0.016890 17818640.000000 
0.016930 17850440.000000 
0.016920 17949310.000000 
0.016970 17949880.000000 
0.017000 17951600.000000 
0.017020 18068230.000000 
0.017050 17964210.000000 
0.017050 18009490.000000 
0.017140 18096030.000000 
0.017130 18147900.000000 
0.017150 18039580.000000 
0.017210 18182860.000000 
0.017200 18150470.000000 
0.017260 18103480.000000 
0.017290 18246470.000000 
0.017300 18280290.000000 
0.017350 18241890.000000 
0.017340 18273120.000000 
0.017450 18337880.000000 
0.017450 18386600.000000 
0.017450 18498360.000000 
0.017500 18454520.000000 
0.017530 18499790.000000 
0.017550 18572580.000000 
0.017560 18486610.000000 
0.017640 18469130.000000 
0.017650 18499220.000000 
0.017670 18383730.000000 
0.017690 18486320.000000 
0.017710 18708120.000000 
0.017770 18671730.000000 
0.017780 18642500.000000 
0.017830 18698380.000000 
0.017840 18713280.000000 
0.017870 18765720.000000 
0.017940 18896390.000000 
0.017910 18888080.000000 
0.017970 18832490.000000 
0.017970 18906140.000000 
0.018060 18984940.000000 
0.018040 18909860.000000 
0.018060 18906420.000000 
0.018140 18916160.000000 
0.018110 18975770.000000 
0.018190 19023050.000000 
0.018160 19014740.000000 
0.018250 18988090.000000 
0.018220 19212760.000000 
0.018270 19204730.000000 
0.018300 19280100.000000 
0.018330 19333680.000000 
0.018400 19237690.000000 
0.018390 19230520.000000 
0.018440 19342280.000000 
0.018460 19268630.000000 
0.018480 19367210.000000 
0.018550 19310470.000000 
0.018510 19238540.000000 
0.018540 19256030.000000 
0.018590 19606200.000000 
0.018600 19468080.000000 
0.018660 19385840.000000 
0.018710 19603340.000000 
0.018690 19481260.000000 
0.018770 19522240.000000 
0.018780 19614800.000000 
0.018800 19580130.000000 
0.018860 19646890.000000 
0.018850 19644890.000000 
0.018900 19686730.000000 
0.018930 19512780.000000 
0.018940 19876720.000000 
0.018990 19715670.000000 
0.018970 19750060.000000 
0.019050 19849780.000000 
0.019080 19765530.000000 
0.019110 19917690.000000 
0.019130 19998790.000000 
0.019190 19926000.000000 
0.019200 20007390.000000 
0.019230 20042060.000000 
0.019240 19970710.000000 
0.019280 20045210.000000 
0.019300 19977010.000000 
0.019320 20011690.000000 
0.019380 20060690.000000 
0.019350 20154110.000000 
0.019430 20085620.000000 
0.019430 20248390.000000 
0.019500 20255550.000000 
0.019510 20248390.000000 
0.019550 20298530.000000 
0.019570 20328620.000000 
0.019570 20353270.000000 
0.019650 20281050.000000 
0.019650 20405710.000000 
0.019710 20307130.000000 
0.019740 20379630.000000 
0.019770 20494830.000000 
0.019850 20452990.000000 
0.019800 20427770.000000 
0.019840 20676220.000000 
0.019880 20475910.000000 
0.019880 20620630.000000 
0.019920 20718920.000000 
0.019940 20726080.000000 
0.019960 20611170.000000 
0.019980 20739270.000000 
0.020080 20674790.000000 
