689 
0.000000 -47000.000000 
0.000010 -59030.000000 
0.000020 -17190.000000 
0.000060 -61900.000000 
0.000060 91410.000000 
0.000110 113760.000000 
0.000080 92850.000000 
0.000130 185400.000000 
0.000160 259620.000000 
0.000170 184830.000000 
0.000230 283410.000000 
0.000240 387720.000000 
0.000280 351320.000000 
0.000340 400610.000000 
0.000340 540450.000000 
0.000420 540450.000000 
0.000410 412930.000000 
0.000500 720410.000000 
0.000500 675710.000000 
0.000560 702650.000000 
0.000580 836180.000000 
0.000620 788620.000000 
0.000640 750790.000000 
0.000660 887770.000000 
0.000720 879170.000000 
0.000720 877740.000000 
0.000800 1112140.000000 
0.000790 1016720.000000 
0.000850 1086930.000000 
0.000860 1130480.000000 
0.000890 1173750.000000 
0.000890 1131630.000000 
0.000960 1364600.000000 
0.000970 1326200.000000 
0.001010 1341960.000000 
0.001030 1406440.000000 
0.001080 1434520.000000 
0.001100 1457160.000000 
0.001160 1459740.000000 
0.001150 1544280.000000 
0.001200 1505020.000000 
0.001230 1715640.000000 
0.001230 1739140.000000 
0.001300 1694150.000000 
0.001270 1765500.000000 
0.001350 1791000.000000 
0.001340 1676950.000000 
0.001400 1874390.000000 
0.001420 1708480.000000 
0.001420 1935430.000000 
0.001470 1955780.000000 
0.001490 1997330.000000 
0.001560 2025130.000000 
0.001520 2135160.000000 
0.001610 2074700.000000 
0.001610 2188750.000000 
0.001660 2141180.000000 
0.001690 2109660.000000 
0.001710 2200210.000000 
0.001710 2322580.000000 
0.001790 2234890.000000 
0.001790 2354100.000000 
0.001850 2483340.000000 
0.001880 2507980.000000 
0.001860 2521730.000000 
0.001910 2591370.000000 
0.001930 2654410.000000 
0.001980 2589650.000000 
0.001990 2736660.000000 
0.002050 2673610.000000 
0.002060 2661000.000000 
0.002090 2737230.000000 
0.002150 2749550.000000 
0.002150 2839240.000000 
0.002180 2921770.000000 
0.002190 2976510.000000 
0.002250 2973070.000000 
0.002260 3092560.000000 
0.002270 2986250.000000 
0.002320 3099730.000000 
0.002370 3134690.000000 
0.002360 2974790.000000 
0.002400 3230400.000000 
0.002480 3255620.000000 
0.002420 3187130.000000 
0.002500 3355910.000000 
0.002530 3392880.000000 
0.002540 3338430.000000 
0.002560 3374540.000000 
0.002620 3537020.000000 
0.002630 3535010.000000 
0.002660 3460790.000000 
0.002690 3630150.000000 
0.002710 3555070.000000 
0.002760 3605220.000000 
0.002780 3728730.000000 
0.002810 3597770.000000 
0.002850 3829880.000000 
0.002880 3879460.000000 
0.002930 3778590.000000 
0.002910 3922440.000000 
0.002980 4077760.000000 
0.002990 3927320.000000 
0.003000 4084350.000000 
0.003070 4029040.000000 
0.003100 4009560.000000 
0.003110 4035920.000000 
0.003120 4139660.000000 
0.003190 4183500.000000 
0.003170 4294110.000000 
0.003220 4412750.000000 
0.003250 4259150.000000 
0.003270 4391830.000000 
0.003330 4499000.000000 
0.003340 4386960.000000 
0.003390 4472640.000000 
0.003400 4506170.000000 
0.003460 4568070.000000 
0.003470 4571220.000000 
0.003500 4809920.000000 
0.003520 4653460.000000 
0.003560 4721380.000000 
0.003600 4784990.000000 
0.003590 4737420.000000 
0.003660 4874690.000000 
0.003670 4948620.000000 
0.003710 4912800.000000 
0.003700 4978710.000000 
0.003770 5010800.000000 
0.003800 4978990.000000 
0.003820 5107370.000000 
0.003820 5183600.000000 
0.003850 5138890.000000 
0.003920 5175860.000000 
0.003950 5253520.000000 
0.003950 5248360.000000 
0.003970 5271000.000000 
0.004040 5301950.000000 
0.004040 5294500.000000 
0.004070 5344070.000000 
0.004140 5442940.000000 
0.004160 5494230.000000 
0.004170 5332040.000000 
0.004160 5620320.000000 
0.004230 5638660.000000 
0.004270 5642380.000000 
0.004270 5738670.000000 
0.004300 5776490.000000 
0.004350 5728920.000000 
0.004390 5808590.000000 
0.004420 5692530.000000 
0.004370 5796550.000000 
0.004400 5755290.000000 
0.004460 5935530.000000 
0.004490 5876220.000000 
0.004510 5885960.000000 
0.004530 6063630.000000 
0.004580 6132400.000000 
0.004610 6128960.000000 
0.004640 6243590.000000 
0.004680 6248170.000000 
0.004710 6168790.000000 
0.004710 6251610.000000 
0.004740 6178250.000000 
0.004760 6267940.000000 
0.004800 6360220.000000 
0.004790 6314650.000000 
0.004850 6323540.000000 
0.004900 6445900.000000 
0.004870 6462810.000000 
0.004970 6615260.000000 
0.004990 6688330.000000 
0.005010 6626720.000000 
0.005000 6661110.000000 
0.005050 6719280.000000 
0.005120 6683740.000000 
0.005130 6698650.000000 
0.005110 6729310.000000 
0.005200 6828740.000000 
0.005210 6781460.000000 
0.005170 6861120.000000 
0.005220 6876030.000000 
0.005220 6898090.000000 
0.005250 6980330.000000 
0.005280 6978330.000000 
0.005260 7058280.000000 
0.005360 7123040.000000 
0.005390 7110430.000000 
0.005420 7157720.000000 
0.005440 7125910.000000 
0.005490 7214170.000000 
0.005520 7213020.000000 
0.005500 7384960.000000 
0.005580 7388970.000000 
0.005660 7430810.000000 
0.005640 7503880.000000 
0.005700 7395850.000000 
0.005730 7546870.000000 
0.005730 7524800.000000 
0.005780 7506460.000000 
0.005790 7599590.000000 
0.005820 7676390.000000 
0.005870 7601880.000000 
0.005890 7705910.000000 
0.005940 7803050.000000 
0.005940 7918250.000000 
0.005990 7766370.000000 
0.005980 7995620.000000 
0.006040 7960950.000000 
0.006080 7951490.000000 
0.006140 8097350.000000 
0.006130 8061810.000000 
0.006180 8028570.000000 
0.006150 8158670.000000 
0.006230 8181880.000000 
0.006250 8291640.000000 
0.006290 8314850.000000 
0.006330 8320290.000000 
0.006380 8402820.000000 
0.006340 8376460.000000 
0.006390 8400240.000000 
0.006440 8416290.000000 
0.006490 8533210.000000 
0.006500 8448960.000000 
0.006510 8541230.000000 
0.006510 8593670.000000 
0.006600 8720050.000000 
0.006610 8728930.000000 
0.006640 8812030.000000 
0.006660 8775640.000000 
0.006690 8772490.000000 
0.006710 8809450.000000 
0.006770 8853300.000000 
0.006790 8892840.000000 
0.006830 9035260.000000 
0.006890 8881380.000000 
0.006880 8944140.000000 
0.006920 9110910.000000 
0.006920 9148450.000000 
0.006980 9167080.000000 
0.007020 9143580.000000 
0.007010 9152750.000000 
0.007090 9199750.000000 
0.007050 9249610.000000 
0.007140 9347040.000000 
0.007190 9252190.000000 
0.007180 9410370.000000 
0.007200 9353630.000000 
0.007230 9394320.000000 
0.007230 9630160.000000 
0.007290 9684610.000000 
0.007340 9635320.000000 
0.007320 9598070.000000 
0.007390 9657960.000000 
0.007390 9678590.000000 
0.007450 9801530.000000 
0.007470 9808980.000000 
0.007500 9721860.000000 
0.007470 9724730.000000 
0.007540 9829320.000000 
0.007540 9920730.000000 
0.007610 10082640.000000 
0.007640 9981490.000000 
0.007640 10092100.000000 
0.007690 10078340.000000 
0.007700 9999250.000000 
0.007700 10102130.000000 
0.007780 10195550.000000 
0.007800 10158580.000000 
0.007820 10152280.000000 
0.007870 10394130.000000 
0.007890 10295270.000000 
0.007900 10417340.000000 
0.007930 10444850.000000 
0.007980 10468350.000000 
0.008010 10429380.000000 
0.008020 10559190.000000 
0.008040 10578680.000000 
0.008120 10559190.000000 
0.008090 10542860.000000 
0.008150 10604470.000000 
0.008140 10594440.000000 
0.008200 10731990.000000 
0.008270 10774690.000000 
0.008240 10774970.000000 
0.008310 10891320.000000 
0.008320 10884730.000000 
0.008330 10841740.000000 
0.008360 10876700.000000 
0.008410 10951780.000000 
0.008430 10936590.000000 
0.008410 11023990.000000 
0.008500 10985020.000000 
0.008510 11096490.000000 
0.008520 11191920.000000 
0.008590 11241490.000000 
0.008600 11237480.000000 
0.008630 11432340.000000 
0.008650 11289920.000000 
0.008630 11272160.000000 
0.008680 11448100.000000 
0.008720 11256970.000000 
0.008720 11288780.000000 
0.008750 11422030.000000 
0.008810 11407700.000000 
0.008840 11487650.000000 
0.008870 11559000.000000 
0.008870 11691110.000000 
0.008890 11615740.000000 
0.008950 11770200.000000 
0.008980 11734090.000000 
0.008980 11754440.000000 
0.009040 11807740.000000 
0.009030 11699420.000000 
0.009070 11653280.000000 
0.009130 11744410.000000 
0.009140 11832090.000000 
0.009140 11860180.000000 
0.009200 11895140.000000 
0.009250 12020360.000000 
0.009240 12108630.000000 
0.009260 12080830.000000 
0.009340 12253630.000000 
0.009340 12245600.000000 
0.009390 12202910.000000 
0.009440 12273110.000000 
0.009440 12278560.000000 
0.009470 12256200.000000 
0.009520 12377130.000000 
0.009570 12384580.000000 
0.009560 12402640.000000 
0.009580 12538180.000000 
0.009650 12468550.000000 
0.009670 12630170.000000 
0.009660 12643640.000000 
0.009750 12622720.000000 
0.009750 12649940.000000 
0.009790 12852540.000000 
0.009800 12655100.000000 
0.009840 12696940.000000 
0.009900 12759120.000000 
0.009900 12735330.000000 
0.009890 12743930.000000 
0.009970 12980920.000000 
0.009960 13019600.000000 
0.009970 13014440.000000 
0.010070 13213030.000000 
0.010080 12972030.000000 
0.010090 13074340.000000 
0.010140 13121910.000000 
0.010180 13122480.000000 
0.010180 13082930.000000 
0.010220 13223920.000000 
0.010280 13266620.000000 
0.010290 13293840.000000 
0.010270 13401300.000000 
0.010350 13376090.000000 
0.010360 13466350.000000 
0.010340 13599890.000000 
0.010420 13433970.000000 
0.010480 13559200.000000 
0.010490 13480110.000000 
0.010520 13614500.000000 
0.010530 13670670.000000 
0.010570 13638570.000000 
0.010630 13671530.000000 
0.010610 13668950.000000 
0.010680 13883300.000000 
0.010700 13836590.000000 
0.010700 13758640.000000 
0.010760 13951500.000000 
0.010770 13973560.000000 
0.010830 14014540.000000 
0.010830 14014540.000000 
0.010840 14098790.000000 
0.010880 14105950.000000 
0.010950 14122000.000000 
0.010950 14152090.000000 
0.010970 14113410.000000 
0.011030 14185330.000000 
0.011060 14277890.000000 
0.011080 14280760.000000 
0.011110 14383920.000000 
0.011110 14376470.000000 
0.011190 14414290.000000 
0.011190 14478770.000000 
0.011250 14581930.000000 
0.011260 14528350.000000 
0.011300 14577350.000000 
0.011320 14611160.000000 
0.011340 14634090.000000 
0.011380 14665040.000000 
0.011420 14656720.000000 
0.011440 14775930.000000 
0.011490 14737820.000000 
0.011480 14722630.000000 
0.011500 14865910.000000 
0.011540 14975380.000000 
0.011590 15013490.000000 
0.011630 14934120.000000 
0.011660 15196030.000000 
0.011680 14983400.000000 
0.011680 15008620.000000 
0.011720 14971660.000000 
0.011750 14967930.000000 
0.011800 15164510.000000 
0.011820 15190010.000000 
0.011870 15258790.000000 
0.011850 15246180.000000 
0.011930 15455660.000000 
0.011900 15284290.000000 
0.011980 15380290.000000 
0.011980 15557100.000000 
0.012040 15425850.000000 
0.012030 15469980.000000 
0.012110 15559110.000000 
0.012090 15572290.000000 
0.012130 15595780.000000 
0.012160 15649370.000000 
0.012220 15734190.000000 
0.012220 15717860.000000 
0.012260 15867730.000000 
0.012290 15717860.000000 
0.012320 15839930.000000 
0.012370 16010150.000000 
0.012370 15926480.000000 
0.012400 15978340.000000 
0.012430 16105580.000000 
0.012450 16045970.000000 
0.012480 15994680.000000 
0.012550 16168330.000000 
0.012550 16027340.000000 
0.012600 16195560.000000 
0.012610 16214180.000000 
0.012660 16181510.000000 
0.012670 16235390.000000 
0.012690 16311040.000000 
0.012710 16451170.000000 
0.012780 16458910.000000 
0.012760 16427670.000000 
0.012820 16502180.000000 
0.012820 16486420.000000 
0.012880 16670390.000000 
0.012890 16620810.000000 
0.012950 16553470.000000 
0.012960 16589580.000000 
0.012980 16609920.000000 
0.013030 16628260.000000 
0.012990 16701340.000000 
0.013070 16632560.000000 
0.013110 16846620.000000 
0.013140 16837450.000000 
0.013190 16887600.000000 
0.013170 17009100.000000 
0.013230 17051510.000000 
0.013250 16985600.000000 
0.013300 16991910.000000 
0.013300 17028590.000000 
0.013370 17105390.000000 
0.013390 16974430.000000 
0.013420 17139200.000000 
0.013440 17185620.000000 
0.013450 17114270.000000 
0.013510 17265860.000000 
0.013520 17282480.000000 
0.013530 17347820.000000 
0.013620 17487660.000000 
0.013580 17457570.000000 
0.013640 17447540.000000 
0.013660 17621200.000000 
0.013710 17435790.000000 
0.013720 17419740.000000 
0.013750 17554710.000000 
0.013800 17526060.000000 
0.013840 17529500.000000 
0.013830 17722350.000000 
0.013880 17660740.000000 
0.013910 17729800.000000 
0.013950 17856750.000000 
0.013960 17753590.000000 
0.014000 17885980.000000 
0.014010 17888270.000000 
0.014040 17923230.000000 
0.014040 17959050.000000 
0.014060 17867920.000000 
0.014140 18028400.000000 
0.014100 17916070.000000 
0.014170 18042730.000000 
0.014220 18103480.000000 
0.014260 18167670.000000 
0.014220 17997160.000000 
0.014290 18222970.000000 
0.014310 18172830.000000 
0.014330 18232720.000000 
0.014350 18322700.000000 
0.014390 18353070.000000 
0.014440 18349060.000000 
0.014430 18448500.000000 
0.014440 18300060.000000 
0.014480 18435600.000000 
0.014550 18553090.000000 
0.014550 18458810.000000 
0.014590 18479730.000000 
0.014650 18542490.000000 
0.014650 18669150.000000 
0.014680 18663990.000000 
0.014720 18671150.000000 
0.014800 18731050.000000 
0.014760 18815870.000000 
0.014800 18875760.000000 
0.014840 18888080.000000 
0.014860 18943390.000000 
0.014920 18969180.000000 
0.014890 18924480.000000 
0.014990 18927050.000000 
0.014980 19030220.000000 
0.015010 18972900.000000 
0.015060 19055430.000000 
0.015060 19146270.000000 
0.015120 19015310.000000 
0.015120 19155730.000000 
0.015170 19314770.000000 
0.015220 19289550.000000 
0.015180 19287830.000000 
0.015260 19374660.000000 
0.015310 19390710.000000 
0.015290 19364350.000000 
0.015340 19492440.000000 
0.015370 19456620.000000 
0.015410 19450600.000000 
0.015440 19484700.000000 
0.015460 19517940.000000 
0.015490 19519950.000000 
0.015500 19651770.000000 
0.015560 19607060.000000 
0.015570 19669820.000000 
0.015600 19789890.000000 
0.015640 19716820.000000 
0.015670 19775560.000000 
0.015690 19918270.000000 
0.015720 19809380.000000 
0.015780 19922850.000000 
0.015790 19979880.000000 
0.015770 19877000.000000 
0.015840 19988190.000000 
0.015890 20009110.000000 
0.015890 20059260.000000 
0.015940 20087620.000000 
0.015930 20079030.000000 
0.015960 20235490.000000 
0.016020 20228330.000000 
0.016050 20222020.000000 
0.016060 20301110.000000 
0.016050 20302830.000000 
0.016110 20259270.000000 
0.016130 20409430.000000 
0.016180 20452130.000000 
0.016230 20495690.000000 
0.016230 20461010.000000 
0.016280 20455280.000000 
0.016330 20616040.000000 
0.016310 20584520.000000 
0.016340 20689400.000000 
0.016400 20698570.000000 
0.016410 20706600.000000 
0.016440 20614040.000000 
0.016510 20769640.000000 
0.016480 20745000.000000 
0.016580 20713190.000000 
0.016580 20815200.000000 
0.016610 20751590.000000 
0.016620 20786830.000000 
0.016640 21020670.000000 
0.016680 20964500.000000 
0.016720 21005480.000000 
0.016730 21102620.000000 
0.016740 21009200.000000 
0.016810 21108350.000000 
0.016850 21188590.000000 
0.016840 21190600.000000 
0.016890 21163090.000000 
0.016950 21284590.000000 
0.016920 21216390.000000 
0.017000 21275130.000000 
0.017010 21371990.000000 
0.017040 21366260.000000 
0.017060 21380870.000000 
0.017100 21407240.000000 
0.017150 21460540.000000 
0.017140 21459390.000000 
0.017180 21576020.000000 
0.017240 21645080.000000 
0.017230 21616140.000000 
0.017260 21526160.000000 
0.017280 21594360.000000 
0.017310 21613270.000000 
0.017370 21780340.000000 
0.017410 21674030.000000 
0.017400 21881780.000000 
0.017460 21872040.000000 
0.017470 21852270.000000 
0.017490 21926770.000000 
0.017520 21941960.000000 
0.017580 21981790.000000 
0.017560 21918460.000000 
0.017610 22045700.000000 
0.017630 21953420.000000 
0.017680 22007580.000000 
0.017750 22172070.000000 
0.017740 22045410.000000 
0.017770 22151440.000000 
0.017800 22238550.000000 
0.017830 22210470.000000 
0.017850 22265770.000000 
0.017860 22473820.000000 
0.017960 22373810.000000 
0.017950 22379540.000000 
0.017940 22457200.000000 
0.018020 22366640.000000 
0.018010 22391000.000000 
0.018060 22511350.000000 
0.018110 22461780.000000 
0.018130 22528550.000000 
0.018140 22674410.000000 
0.018140 22493020.000000 
0.018220 22558930.000000 
0.018230 22735730.000000 
0.018280 22723120.000000 
0.018310 22754650.000000 
0.018340 22885320.000000 
0.018340 22828290.000000 
0.018400 22874430.000000 
0.018410 22849210.000000 
0.018430 22861530.000000 
0.018500 22938330.000000 
0.018470 22851500.000000 
0.018530 23027170.000000 
0.018580 22967850.000000 
0.018570 23139500.000000 
0.018630 23134340.000000 
0.018640 23209700.000000 
0.018690 23207990.000000 
0.018720 23209990.000000 
0.018720 23244090.000000 
0.018760 23274180.000000 
0.018800 23313150.000000 
0.018800 23344100.000000 
0.018880 23365310.000000 
0.018880 23420610.000000 
0.018920 23296530.000000 
0.018970 23368460.000000 
0.018950 23523490.000000 
0.018960 23487670.000000 
0.019040 23653870.000000 
0.019040 23641260.000000 
0.019050 23556160.000000 
0.019090 23723790.000000 
0.019150 23697720.000000 
0.019180 23634100.000000 
0.019200 23861060.000000 
0.019230 23732960.000000 
0.019240 23629800.000000 
0.019250 23775950.000000 
0.019330 23826380.000000 
0.019280 23903180.000000 
0.019370 23886850.000000 
0.019370 23959630.000000 
0.019430 23919230.000000 
0.019440 24028410.000000 
0.019470 24143890.000000 
0.019510 24064520.000000 
0.019550 24123550.000000 
0.019540 24068810.000000 
0.019580 24108070.000000 
0.019610 24206650.000000 
0.019640 24132430.000000 
0.019670 24171980.000000 
0.019740 24192900.000000 
0.019740 24337320.000000 
0.019710 24274570.000000 
0.019780 24359960.000000 
0.019820 24418130.000000 
0.019840 24437620.000000 
0.019860 24458250.000000 
0.019910 24557690.000000 
0.019960 24460540.000000 
0.019930 24560550.000000 
0.019990 24607830.000000 
0.020040 24576890.000000 
