689 
0.000030 -93130.000000 
-0.000010 -41260.000000 
0.000010 -103880.000000 
0.000050 28080.000000 
-0.000020 15190.000000 
0.000060 49000.000000 
0.000100 28370.000000 
0.000090 277960.000000 
0.000110 38400.000000 
0.000180 223230.000000 
0.000150 265070.000000 
0.000260 238420.000000 
0.000260 334990.000000 
0.000270 398320.000000 
0.000350 422680.000000 
0.000390 487440.000000 
0.000400 592030.000000 
0.000450 554500.000000 
0.000490 655650.000000 
0.000520 702360.000000 
0.000540 675420.000000 
0.000550 761970.000000 
0.000620 857960.000000 
0.000640 766550.000000 
0.000610 794350.000000 
0.000720 1007830.000000 
0.000690 880310.000000 
0.000780 1076610.000000 
0.000780 1036780.000000 
0.000800 1106980.000000 
0.000850 1137650.000000 
0.000920 1307860.000000 
0.000910 1226480.000000 
0.000940 1208430.000000 
0.000980 1343970.000000 
0.001030 1331930.000000 
0.001050 1352570.000000 
0.001070 1417620.000000 
0.001100 1484960.000000 
0.001110 1516770.000000 
0.001170 1678100.000000 
0.001190 1694150.000000 
0.001190 1713060.000000 
0.001260 1791580.000000 
0.001270 1705320.000000 
0.001290 1733410.000000 
0.001340 1804190.000000 
0.001330 1799320.000000 
0.001400 1944600.000000 
0.001420 1956350.000000 
0.001440 1907060.000000 
0.001490 2017100.000000 
0.001520 2182730.000000 
0.001540 2025130.000000 
0.001600 2136020.000000 
0.001600 2145190.000000 
0.001610 2210240.000000 
0.001650 2203650.000000 
0.001690 2306240.000000 
0.001710 2304520.000000 
0.001770 2360690.000000 
0.001770 2492790.000000 
0.001790 2465000.000000 
0.001890 2579330.000000 
0.001850 2647540.000000 
0.001920 2646100.000000 
0.001910 2605410.000000 
0.001930 2647540.000000 
0.001970 2666450.000000 
0.002030 2714300.000000 
0.002020 2771900.000000 
0.002030 2791960.000000 
0.002080 2833230.000000 
0.002160 2873630.000000 
0.002160 2822620.000000 
0.002160 3048430.000000 
0.002190 3107180.000000 
0.002270 3148440.000000 
0.002270 3106610.000000 
0.002330 3123230.000000 
0.002330 3118070.000000 
0.002380 3134690.000000 
0.002380 3214350.000000 
0.002440 3272520.000000 
0.002430 3226670.000000 
0.002500 3335850.000000 
0.002490 3406920.000000 
0.002560 3501200.000000 
0.002540 3575130.000000 
0.002570 3539890.000000 
0.002630 3663970.000000 
0.002650 3653940.000000 
0.002680 3612100.000000 
0.002690 3578860.000000 
0.002750 3624990.000000 
0.002740 3668260.000000 
0.002820 3880890.000000 
0.002790 3955110.000000 
0.002890 3900380.000000 
0.002880 3950530.000000 
0.002910 4017300.000000 
0.002960 4037360.000000 
0.002950 4033340.000000 
0.003040 4087500.000000 
0.003030 4054260.000000 
0.003040 4021020.000000 
0.003100 4180640.000000 
0.003110 4164300.000000 
0.003160 4305860.000000 
0.003190 4276630.000000 
0.003210 4298410.000000 
0.003260 4374640.000000 
0.003280 4391260.000000 
0.003300 4505310.000000 
0.003310 4539120.000000 
0.003340 4502160.000000 
0.003380 4599590.000000 
0.003420 4477800.000000 
0.003430 4715640.000000 
0.003450 4656040.000000 
0.003490 4781270.000000 
0.003490 4806480.000000 
0.003570 4891310.000000 
0.003580 4891880.000000 
0.003630 4992460.000000 
0.003620 4972120.000000 
0.003660 4964670.000000 
0.003730 5099640.000000 
0.003760 5044900.000000 
0.003720 4992460.000000 
0.003810 5137750.000000 
0.003780 5117690.000000 
0.003870 5206810.000000 
0.003890 5251230.000000 
0.003950 5340350.000000 
0.003940 5420300.000000 
0.004010 5340350.000000 
0.004020 5463280.000000 
0.004020 5460700.000000 
0.004110 5483910.000000 
0.004120 5477040.000000 
0.004100 5536350.000000 
0.004160 5665590.000000 
0.004150 5527470.000000 
0.004190 5623470.000000 
0.004240 5905160.000000 
0.004250 5796550.000000 
0.004290 5808590.000000 
0.004300 5908880.000000 
0.004330 5753570.000000 
0.004320 5887680.000000 
0.004360 5852430.000000 
0.004430 5914330.000000 
0.004430 5919200.000000 
0.004470 5910600.000000 
0.004500 6021790.000000 
0.004510 6062190.000000 
0.004550 6171090.000000 
0.004590 6263650.000000 
0.004610 6101450.000000 
0.004630 6247890.000000 
0.004690 6278260.000000 
0.004690 6291440.000000 
0.004720 6281700.000000 
0.004740 6348180.000000 
0.004800 6437010.000000 
0.004790 6492030.000000 
0.004830 6553930.000000 
0.004880 6552210.000000 
0.004920 6675150.000000 
0.004940 6788050.000000 
0.004920 6661110.000000 
0.004990 6682880.000000 
0.005030 6771150.000000 
0.005070 6741340.000000 
0.005070 6801230.000000 
0.005130 6844220.000000 
0.005140 6913570.000000 
0.005150 6953970.000000 
0.005200 7156280.000000 
0.005230 7006700.000000 
0.005240 7017300.000000 
0.005280 7223050.000000 
0.005330 7094100.000000 
0.005300 7149980.000000 
0.005370 7229640.000000 
0.005390 7128200.000000 
0.005430 7207000.000000 
0.005450 7325930.000000 
0.005500 7266040.000000 
0.005520 7468350.000000 
0.005540 7586700.000000 
0.005580 7521930.000000 
0.005580 7527090.000000 
0.005630 7619080.000000 
0.005600 7547150.000000 
0.005700 7672950.000000 
0.005720 7731410.000000 
0.005780 7663210.000000 
0.005730 7669230.000000 
0.005830 7777550.000000 
0.005830 7951780.000000 
0.005860 7866380.000000 
0.005910 7899330.000000 
0.005890 7889310.000000 
0.005960 8039750.000000 
0.005990 8023700.000000 
0.006030 7956360.000000 
0.005990 7977280.000000 
0.006060 8123140.000000 
0.006050 8124000.000000 
0.006130 8185040.000000 
0.006110 8201940.000000 
0.006180 8224580.000000 
0.006180 8344940.000000 
0.006260 8449820.000000 
0.006270 8381900.000000 
0.006270 8479050.000000 
0.006330 8594820.000000 
0.006340 8379900.000000 
0.006390 8552980.000000 
0.006410 8449530.000000 
0.006450 8622900.000000 
0.006460 8668180.000000 
0.006540 8858170.000000 
0.006540 8740390.000000 
0.006500 8812890.000000 
0.006580 8828650.000000 
0.006640 8887400.000000 
0.006650 8887110.000000 
0.006670 9053600.000000 
0.006690 8971930.000000 
0.006750 8988840.000000 
0.006760 9002880.000000 
0.006770 9110340.000000 
0.006820 9143580.000000 
0.006860 9230980.000000 
0.006850 9139570.000000 
0.006900 9253620.000000 
0.006930 9340740.000000 
0.006990 9296030.000000 
0.006980 9308930.000000 
0.007050 9455360.000000 
0.007070 9444470.000000 
0.007060 9436450.000000 
0.007110 9577720.000000 
0.007130 9432150.000000 
0.007160 9464240.000000 
0.007180 9610680.000000 
0.007230 9633890.000000 
0.007230 9726450.000000 
0.007250 9726450.000000 
0.007330 9713260.000000 
0.007350 9861990.000000 
0.007400 9861990.000000 
0.007420 9803820.000000 
0.007430 9892080.000000 
0.007470 9820440.000000 
0.007450 9872590.000000 
0.007520 9972890.000000 
0.007570 10087510.000000 
0.007560 10042240.000000 
0.007600 10121040.000000 
0.007600 10167460.000000 
0.007670 10096400.000000 
0.007700 10240820.000000 
0.007750 10350000.000000 
0.007740 10319050.000000 
0.007770 10306160.000000 
0.007800 10384680.000000 
0.007850 10322490.000000 
0.007890 10415910.000000 
0.007910 10504460.000000 
0.007930 10509620.000000 
0.007960 10617360.000000 
0.008010 10622240.000000 
0.008030 10713650.000000 
0.008050 10738580.000000 
0.008130 10897050.000000 
0.008120 10737150.000000 
0.008130 10881860.000000 
0.008180 10783280.000000 
0.008210 10906790.000000 
0.008210 10860650.000000 
0.008260 10946050.000000 
0.008280 10941750.000000 
0.008330 11046060.000000 
0.008340 11096490.000000 
0.008370 11097640.000000 
0.008380 11216280.000000 
0.008410 11250090.000000 
0.008520 11287340.000000 
0.008480 11244360.000000 
0.008500 11303100.000000 
0.008530 11327180.000000 
0.008560 11364710.000000 
0.008600 11490520.000000 
0.008650 11297660.000000 
0.008650 11403690.000000 
0.008680 11445240.000000 
0.008730 11594250.000000 
0.008700 11469600.000000 
0.008770 11697700.000000 
0.008760 11584220.000000 
0.008820 11654430.000000 
0.008860 11841260.000000 
0.008840 11746410.000000 
0.008930 11793980.000000 
0.008960 11941270.000000 
0.008960 11802870.000000 
0.008980 11809170.000000 
0.009010 11830660.000000 
0.008980 12027530.000000 
0.009080 11775070.000000 
0.009060 11970500.000000 
0.009110 12075670.000000 
0.009100 12014350.000000 
0.009180 12088850.000000 
0.009150 12183990.000000 
0.009190 12120950.000000 
0.009250 12312940.000000 
0.009250 12268530.000000 
0.009270 12289450.000000 
0.009320 12195170.000000 
0.009330 12321540.000000 
0.009340 12365380.000000 
0.009420 12372260.000000 
0.009430 12416970.000000 
0.009410 12399490.000000 
0.009450 12402920.000000 
0.009490 12588620.000000 
0.009550 12446770.000000 
0.009550 12685190.000000 
0.009580 12596070.000000 
0.009620 12674300.000000 
0.009640 12678020.000000 
0.009690 12879760.000000 
0.009730 12734480.000000 
0.009760 12752530.000000 
0.009780 12832480.000000 
0.009820 12865150.000000 
0.009810 12833910.000000 
0.009870 12973180.000000 
0.009940 13044530.000000 
0.009960 13188960.000000 
0.009990 13169470.000000 
0.010000 13106430.000000 
0.010050 13293550.000000 
0.010060 13218480.000000 
0.010090 13208450.000000 
0.010130 13330520.000000 
0.010130 13372070.000000 
0.010190 13248570.000000 
0.010220 13488990.000000 
0.010260 13457750.000000 
0.010300 13340840.000000 
0.010320 13463770.000000 
0.010320 13537130.000000 
0.010370 13625110.000000 
0.010390 13637430.000000 
0.010440 13670670.000000 
0.010490 13854070.000000 
0.010500 13787010.000000 
0.010530 14033450.000000 
0.010570 13861520.000000 
0.010600 13934310.000000 
0.010620 13909090.000000 
0.010630 14045780.000000 
0.010690 13933730.000000 
0.010730 14100510.000000 
0.010760 13991900.000000 
0.010780 13956660.000000 
0.010820 14067270.000000 
0.010830 14106240.000000 
0.010850 14170140.000000 
0.010870 14252100.000000 
0.010910 14221730.000000 
0.010950 14391080.000000 
0.010990 14448390.000000 
0.010970 14381050.000000 
0.011050 14532640.000000 
0.011090 14507140.000000 
0.011110 14481350.000000 
0.011150 14447540.000000 
0.011150 14512300.000000 
0.011190 14432060.000000 
0.011200 14598550.000000 
0.011240 14608580.000000 
0.011300 14713460.000000 
0.011310 14726360.000000 
0.011310 14830950.000000 
0.011330 14850730.000000 
0.011390 14874510.000000 
0.011370 15015780.000000 
0.011380 14926670.000000 
0.011450 15040140.000000 
0.011490 15003460.000000 
0.011520 15170240.000000 
0.011550 14971370.000000 
0.011620 15111500.000000 
0.011600 15165370.000000 
0.011630 15232430.000000 
0.011680 15356790.000000 
0.011690 15212940.000000 
0.011720 15303490.000000 
0.011740 15394330.000000 
0.011780 15399490.000000 
0.011820 15408090.000000 
0.011880 15589770.000000 
0.011840 15538760.000000 
0.011920 15642490.000000 
0.011920 15626450.000000 
0.011960 15693790.000000 
0.011940 15514690.000000 
0.012040 15576580.000000 
0.012000 15584320.000000 
0.012080 15709260.000000 
0.012130 15752250.000000 
0.012150 15683190.000000 
0.012200 15883210.000000 
0.012210 15996970.000000 
0.012190 15919310.000000 
0.012270 15991240.000000 
0.012270 16059730.000000 
0.012300 16008430.000000 
0.012340 16104140.000000 
0.012380 16148560.000000 
0.012400 16145410.000000 
0.012420 16230520.000000 
0.012440 16192690.000000 
0.012480 16223640.000000 
0.012550 16169480.000000 
0.012530 16291840.000000 
0.012570 16366060.000000 
0.012610 16391560.000000 
0.012650 16356890.000000 
0.012630 16462340.000000 
0.012720 16538860.000000 
0.012730 16521380.000000 
0.012780 16602470.000000 
0.012790 16663220.000000 
0.012820 16689010.000000 
0.012840 16751200.000000 
0.012860 16633420.000000 
0.012920 16764380.000000 
0.012920 16789600.000000 
0.012950 16834870.000000 
0.012980 16795040.000000 
0.013040 16865820.000000 
0.013070 16883300.000000 
0.013110 17067850.000000 
0.013100 17024290.000000 
0.013150 17125730.000000 
0.013140 17099660.000000 
0.013180 17045210.000000 
0.013200 17252970.000000 
0.013280 17275030.000000 
0.013280 17315150.000000 
0.013310 17255540.000000 
0.013340 17336070.000000 
0.013400 17218860.000000 
0.013440 17294800.000000 
0.013460 17550130.000000 
0.013410 17513740.000000 
0.013440 17493100.000000 
0.013550 17534650.000000 
0.013550 17688820.000000 
0.013590 17629510.000000 
0.013630 17728940.000000 
0.013620 17712040.000000 
0.013640 17673920.000000 
0.013710 17708600.000000 
0.013720 17754450.000000 
0.013760 17669910.000000 
0.013790 17780520.000000 
0.013790 17895720.000000 
0.013780 17805170.000000 
0.013860 17911480.000000 
0.013850 18024100.000000 
0.013920 18061930.000000 
0.013970 18141590.000000 
0.013940 18179130.000000 
0.013990 18172250.000000 
0.013980 18124970.000000 
0.014050 18204630.000000 
0.014130 18278570.000000 
0.014100 18257930.000000 
0.014110 18350210.000000 
0.014190 18263380.000000 
0.014220 18310950.000000 
0.014230 18351350.000000 
0.014190 18438750.000000 
0.014270 18363960.000000 
0.014320 18598370.000000 
0.014340 18503520.000000 
0.014350 18619000.000000 
0.014370 18748530.000000 
0.014430 18573150.000000 
0.014500 18667140.000000 
0.014500 18766290.000000 
0.014510 18659980.000000 
0.014560 18712710.000000 
0.014590 18759420.000000 
0.014620 18803260.000000 
0.014650 18811570.000000 
0.014680 18948260.000000 
0.014720 18920180.000000 
0.014740 18970610.000000 
0.014750 19042250.000000 
0.014830 19130230.000000 
0.014840 19143410.000000 
0.014870 19029930.000000 
0.014870 19120770.000000 
0.014890 19137960.000000 
0.014930 19231380.000000 
0.014960 19136820.000000 
0.014990 19192410.000000 
0.015040 19370360.000000 
0.015050 19333400.000000 
0.015070 19391860.000000 
0.015120 19442000.000000 
0.015190 19585000.000000 
0.015130 19532270.000000 
0.015200 19581560.000000 
0.015220 19642310.000000 
0.015240 19569810.000000 
0.015290 19666380.000000 
0.015280 19585570.000000 
0.015320 19586430.000000 
0.015370 19793610.000000 
0.015390 19744610.000000 
0.015440 19849210.000000 
0.015450 19811090.000000 
0.015500 19962680.000000 
0.015530 19952940.000000 
0.015550 20051810.000000 
0.015560 20029740.000000 
0.015600 20019140.000000 
0.015640 20115990.000000 
0.015650 20011400.000000 
0.015720 20027730.000000 
0.015710 20109980.000000 
0.015740 20103100.000000 
0.015750 20191070.000000 
0.015810 20175600.000000 
0.015850 20199960.000000 
0.015870 20364440.000000 
0.015900 20409720.000000 
0.015930 20403990.000000 
0.015930 20491670.000000 
0.016000 20568190.000000 
0.016010 20438660.000000 
0.016000 20570480.000000 
0.016090 20691690.000000 
0.016110 20543260.000000 
0.016120 20563030.000000 
0.016170 20641550.000000 
0.016180 20734390.000000 
0.016240 20730670.000000 
0.016260 20811190.000000 
0.016250 20803450.000000 
0.016340 20883120.000000 
0.016350 20983700.000000 
0.016380 20858760.000000 
0.016370 20999170.000000 
0.016460 21071960.000000 
0.016470 21079130.000000 
0.016460 21026110.000000 
0.016530 21103770.000000 
0.016510 21021530.000000 
0.016570 21110070.000000 
0.016620 21156780.000000 
0.016600 21157360.000000 
0.016650 21130990.000000 
0.016680 21374570.000000 
0.016730 21302360.000000 
0.016780 21376290.000000 
0.016790 21534180.000000 
0.016810 21506100.000000 
0.016890 21460830.000000 
0.016870 21549940.000000 
0.016910 21485470.000000 
0.016960 21550230.000000 
0.016970 21557680.000000 
0.017010 21639350.000000 
0.016990 21672310.000000 
0.017040 21689210.000000 
0.017110 21733340.000000 
0.017100 21743370.000000 
0.017170 21932220.000000 
0.017160 21829630.000000 
0.017200 21935080.000000 
0.017220 22015610.000000 
0.017230 21838230.000000 
0.017310 21946550.000000 
0.017290 21933360.000000 
0.017370 21925620.000000 
0.017360 22046560.000000 
0.017410 22118480.000000 
0.017420 22079790.000000 
0.017430 22182100.000000 
0.017500 22180380.000000 
0.017510 22160320.000000 
0.017550 22360340.000000 
0.017550 22394150.000000 
0.017600 22311620.000000 
0.017620 22434560.000000 
0.017650 22459200.000000 
0.017680 22421950.000000 
0.017720 22418230.000000 
0.017760 22508200.000000 
0.017760 22434840.000000 
0.017820 22527690.000000 
0.017830 22622830.000000 
0.017870 22603630.000000 
0.017850 22685590.000000 
0.017920 22832300.000000 
0.017950 22772130.000000 
0.017990 22764960.000000 
0.017980 22735730.000000 
0.018050 22782440.000000 
0.018050 22870130.000000 
0.018100 22836600.000000 
0.018150 22889900.000000 
0.018150 22915410.000000 
0.018220 22917700.000000 
0.018190 23003960.000000 
0.018240 23032900.000000 
0.018280 23080180.000000 
0.018300 22997080.000000 
0.018330 23163280.000000 
0.018350 23305990.000000 
0.018410 23331490.000000 
0.018440 23286500.000000 
0.018430 23324330.000000 
0.018520 23316310.000000 
0.018480 23317170.000000 
0.018540 23354700.000000 
0.018560 23361300.000000 
0.018590 23471050.000000 
0.018610 23602010.000000 
0.018650 23483370.000000 
0.018660 23558740.000000 
0.018710 23652160.000000 
0.018750 23632380.000000 
0.018790 23588830.000000 
0.018800 23659030.000000 
0.018850 23633820.000000 
0.018900 23745290.000000 
0.018910 23738980.000000 
0.018940 23805180.000000 
0.018960 23710900.000000 
0.018960 23779390.000000 
0.018970 23983710.000000 
0.019020 23773080.000000 
0.019030 23982560.000000 
0.019070 24014370.000000 
0.019080 24093460.000000 
0.019110 24090590.000000 
0.019130 24093170.000000 
0.019190 24063940.000000 
0.019170 24120970.000000 
0.019250 24139020.000000 
0.019260 24175990.000000 
0.019270 24073690.000000 
0.019330 24212090.000000 
0.019340 24233870.000000 
0.019390 24402940.000000 
0.019410 24475160.000000 
0.019450 24468850.000000 
0.019490 24471720.000000 
0.019490 24498080.000000 
0.019530 24475160.000000 
0.019570 24447080.000000 
0.019580 24594650.000000 
0.019610 24539060.000000 
0.019670 24508680.000000 
0.019700 24642510.000000 
0.019710 24518140.000000 
0.019760 24651390.000000 
0.019790 24695240.000000 
0.019820 24678620.000000 
0.019820 24794670.000000 
0.019850 24876340.000000 
0.019880 25005580.000000 
0.019910 24896400.000000 
0.019960 24927640.000000 
0.019940 24938240.000000 
0.019970 24923630.000000 
