689 
0.000040 -65190.000000 
0.000030 63620.000000 
0.000030 41840.000000 
0.000070 -62610.000000 
0.000110 29520.000000 
0.000140 36110.000000 
0.000160 48720.000000 
0.000150 76510.000000 
0.000180 217500.000000 
0.000220 129810.000000 
0.000290 173940.000000 
0.000340 337570.000000 
0.000350 283410.000000 
0.000420 361350.000000 
0.000410 513800.000000 
0.000450 594330.000000 
0.000440 499480.000000 
0.000490 539590.000000 
0.000560 595760.000000 
0.000570 581430.000000 
0.000620 639600.000000 
0.000700 649920.000000 
0.000710 651640.000000 
0.000740 760820.000000 
0.000700 717550.000000 
0.000790 776580.000000 
0.000790 996090.000000 
0.000800 856240.000000 
0.000870 1001820.000000 
0.000900 1128480.000000 
0.000940 1135070.000000 
0.000990 1117300.000000 
0.001000 1155130.000000 
0.001010 1073460.000000 
0.001050 1171170.000000 
0.001050 1184360.000000 
0.001100 1089220.000000 
0.001140 1205850.000000 
0.001170 1233640.000000 
0.001160 1327920.000000 
0.001240 1362310.000000 
0.001260 1441690.000000 
0.001310 1537970.000000 
0.001320 1655180.000000 
0.001340 1507020.000000 
0.001370 1542270.000000 
0.001400 1598440.000000 
0.001460 1625090.000000 
0.001450 1715070.000000 
0.001510 1671800.000000 
0.001530 1868950.000000 
0.001600 1716790.000000 
0.001580 1754330.000000 
0.001590 1977560.000000 
0.001650 1901040.000000 
0.001650 1803040.000000 
0.001740 2025700.000000 
0.001720 2034870.000000 
0.001770 2003920.000000 
0.001780 2114530.000000 
0.001790 2127710.000000 
0.001830 2087310.000000 
0.001880 2160950.000000 
0.001910 2100490.000000 
0.001960 2190180.000000 
0.001960 2277300.000000 
0.001980 2380460.000000 
0.001990 2233740.000000 
0.002060 2440070.000000 
0.002090 2423160.000000 
0.002110 2517440.000000 
0.002150 2571310.000000 
0.002180 2520880.000000 
0.002200 2491070.000000 
0.002220 2563570.000000 
0.002220 2578760.000000 
0.002250 2594810.000000 
0.002320 2716600.000000 
0.002370 2718320.000000 
0.002370 2734080.000000 
0.002400 3044420.000000 
0.002440 2923490.000000 
0.002450 2979660.000000 
0.002470 2988260.000000 
0.002510 2948140.000000 
0.002540 2974790.000000 
0.002590 3023220.000000 
0.002590 2963900.000000 
0.002630 3022640.000000 
0.002640 2995990.000000 
0.002700 3165640.000000 
0.002680 3109470.000000 
0.002760 3214070.000000 
0.002790 3186270.000000 
0.002830 3131250.000000 
0.002830 3348750.000000 
0.002860 3385140.000000 
0.002880 3410930.000000 
0.002940 3466530.000000 
0.003000 3433570.000000 
0.002970 3532720.000000 
0.002990 3494610.000000 
0.003030 3469390.000000 
0.003040 3555360.000000 
0.003120 3653650.000000 
0.003150 3629010.000000 
0.003140 3676860.000000 
0.003160 3741620.000000 
0.003190 3823580.000000 
0.003260 3836190.000000 
0.003250 3974880.000000 
0.003310 3830170.000000 
0.003340 3835040.000000 
0.003350 4019300.000000 
0.003370 3927600.000000 
0.003400 3908690.000000 
0.003450 4040220.000000 
0.003480 3978900.000000 
0.003490 4182930.000000 
0.003550 4192380.000000 
0.003530 4057700.000000 
0.003560 4209580.000000 
0.003630 4275200.000000 
0.003660 4235660.000000 
0.003690 4296980.000000 
0.003670 4425640.000000 
0.003700 4351710.000000 
0.003790 4286090.000000 
0.003810 4454870.000000 
0.003790 4558040.000000 
0.003830 4524790.000000 
0.003890 4640280.000000 
0.003890 4604460.000000 
0.003990 4626810.000000 
0.003970 4741150.000000 
0.003970 4765790.000000 
0.004000 4812500.000000 
0.004080 4844310.000000 
0.004110 4787280.000000 
0.004070 4877550.000000 
0.004120 4939450.000000 
0.004180 4945180.000000 
0.004180 4843160.000000 
0.004220 4841730.000000 
0.004270 5017110.000000 
0.004270 5032580.000000 
0.004310 5092760.000000 
0.004370 5136320.000000 
0.004380 5177290.000000 
0.004420 5217700.000000 
0.004450 5178150.000000 
0.004530 5230880.000000 
0.004510 5349800.000000 
0.004470 5177870.000000 
0.004540 5409980.000000 
0.004610 5348660.000000 
0.004640 5388200.000000 
0.004670 5446950.000000 
0.004680 5623760.000000 
0.004700 5523170.000000 
0.004710 5520880.000000 
0.004730 5687940.000000 
0.004790 5629200.000000 
0.004840 5622610.000000 
0.004810 5705140.000000 
0.004870 5812310.000000 
0.004900 5714020.000000 
0.004930 5716600.000000 
0.004950 5842970.000000 
0.004990 5778500.000000 
0.005020 5886530.000000 
0.005010 5988260.000000 
0.005060 5869620.000000 
0.005080 5897130.000000 
0.005100 6009180.000000 
0.005110 6048440.000000 
0.005150 6189140.000000 
0.005190 6119790.000000 
0.005250 6087700.000000 
0.005280 6253620.000000 
0.005270 6287430.000000 
0.005300 6213210.000000 
0.005330 6199460.000000 
0.005400 6364520.000000 
0.005360 6245590.000000 
0.005400 6325260.000000 
0.005420 6374540.000000 
0.005470 6470260.000000 
0.005530 6532440.000000 
0.005520 6605230.000000 
0.005520 6497770.000000 
0.005560 6637320.000000 
0.005590 6598640.000000 
0.005680 6728160.000000 
0.005700 6760540.000000 
0.005720 6813560.000000 
0.005730 6637890.000000 
0.005760 6713550.000000 
0.005810 6764840.000000 
0.005820 6793780.000000 
0.005860 7009560.000000 
0.005900 7034780.000000 
0.005890 6905260.000000 
0.005930 7005840.000000 
0.006000 7137940.000000 
0.006030 7151980.000000 
0.006040 7094100.000000 
0.006050 7173480.000000 
0.006100 7120180.000000 
0.006120 7144820.000000 
0.006170 7290970.000000 
0.006180 7227640.000000 
0.006210 7248270.000000 
0.006250 7397280.000000 
0.006260 7324490.000000 
0.006290 7352580.000000 
0.006280 7433100.000000 
0.006340 7417630.000000 
0.006340 7436250.000000 
0.006360 7533110.000000 
0.006370 7436540.000000 
0.006450 7575520.000000 
0.006450 7584690.000000 
0.006500 7535690.000000 
0.006540 7644300.000000 
0.006570 7749180.000000 
0.006590 7697020.000000 
0.006630 7863510.000000 
0.006650 7979000.000000 
0.006710 7810790.000000 
0.006750 8038600.000000 
0.006740 7867240.000000 
0.006790 7943180.000000 
0.006830 7994760.000000 
0.006840 8053790.000000 
0.006850 7960370.000000 
0.006880 8049780.000000 
0.006960 8303100.000000 
0.006960 8077290.000000 
0.006990 8314270.000000 
0.007000 8285620.000000 
0.007050 8355540.000000 
0.007100 8434630.000000 
0.007100 8485070.000000 
0.007160 8308260.000000 
0.007140 8382190.000000 
0.007220 8384200.000000 
0.007240 8464150.000000 
0.007250 8560430.000000 
0.007290 8660150.000000 
0.007350 8706860.000000 
0.007350 8639520.000000 
0.007370 8800570.000000 
0.007420 8743260.000000 
0.007420 8738960.000000 
0.007450 8787670.000000 
0.007490 8730070.000000 
0.007540 8855020.000000 
0.007570 8912330.000000 
0.007610 8880230.000000 
0.007630 8921210.000000 
0.007630 9007750.000000 
0.007640 8948150.000000 
0.007700 9032400.000000 
0.007760 9167650.000000 
0.007790 9134130.000000 
0.007780 9094010.000000 
0.007860 9278270.000000 
0.007870 9169660.000000 
0.007850 9158770.000000 
0.007900 9151610.000000 
0.007940 9202040.000000 
0.007990 9381140.000000 
0.008000 9391460.000000 
0.008010 9418970.000000 
0.008040 9539040.000000 
0.008090 9507510.000000 
0.008110 9386870.000000 
0.008170 9427850.000000 
0.008120 9553080.000000 
0.008210 9403210.000000 
0.008250 9620710.000000 
0.008250 9702090.000000 
0.008290 9667700.000000 
0.008320 9750800.000000 
0.008340 9850530.000000 
0.008370 9953980.000000 
0.008370 9859700.000000 
0.008410 9938790.000000 
0.008480 9933340.000000 
0.008470 9902680.000000 
0.008480 9931340.000000 
0.008560 9977760.000000 
0.008570 10031350.000000 
0.008620 10212740.000000 
0.008630 10105280.000000 
0.008630 10272630.000000 
0.008650 10203000.000000 
0.008750 10250570.000000 
0.008730 10250570.000000 
0.008800 10245120.000000 
0.008800 10175200.000000 
0.008900 10275210.000000 
0.008920 10485260.000000 
0.008960 10380380.000000 
0.008960 10466350.000000 
0.008960 10564350.000000 
0.009010 10532540.000000 
0.008980 10429670.000000 
0.009050 10599880.000000 
0.009080 10431100.000000 
0.009100 10533970.000000 
0.009150 10584700.000000 
0.009220 10641150.000000 
0.009240 10758350.000000 
0.009220 10841740.000000 
0.009280 10780990.000000 
0.009260 10812800.000000 
0.009310 10904500.000000 
0.009360 10862370.000000 
0.009390 10976140.000000 
0.009410 11038610.000000 
0.009410 10909660.000000 
0.009440 10954070.000000 
0.009530 11054660.000000 
0.009540 11011960.000000 
0.009520 11309410.000000 
0.009530 11241490.000000 
0.009580 11151800.000000 
0.009610 11235760.000000 
0.009640 11179880.000000 
0.009700 11271300.000000 
0.009730 11289640.000000 
0.009730 11254100.000000 
0.009790 11332620.000000 
0.009780 11294510.000000 
0.009780 11571900.000000 
0.009870 11459570.000000 
0.009890 11568170.000000 
0.009930 11725210.000000 
0.009930 11625770.000000 
0.009930 11588520.000000 
0.009970 11622620.000000 
0.009990 11554700.000000 
0.009980 11626630.000000 
0.010070 11702570.000000 
0.010030 11695690.000000 
0.010100 11742970.000000 
0.010100 11719190.000000 
0.010150 11963630.000000 
0.010180 11815760.000000 
0.010200 11893710.000000 
0.010190 11851580.000000 
0.010250 11876800.000000 
0.010280 11996290.000000 
0.010300 11938120.000000 
0.010330 11931820.000000 
0.010370 11930670.000000 
0.010390 12179120.000000 
0.010450 12008330.000000 
0.010450 12159060.000000 
0.010490 12348480.000000 
0.010520 12199180.000000 
0.010560 12316100.000000 
0.010590 12348480.000000 
0.010600 12320390.000000 
0.010650 12343890.000000 
0.010670 12334720.000000 
0.010720 12455080.000000 
0.010760 12473130.000000 
0.010730 12514400.000000 
0.010850 12557670.000000 
0.010850 12580590.000000 
0.010850 12576010.000000 
0.010900 12694360.000000 
0.010940 12723300.000000 
0.010970 12642780.000000 
0.010970 12721580.000000 
0.011040 12673150.000000 
0.011030 12751380.000000 
0.011050 12851390.000000 
0.011150 12880910.000000 
0.011150 13015590.000000 
0.011160 12989230.000000 
0.011230 13031640.000000 
0.011230 13039090.000000 
0.011280 13066600.000000 
0.011260 13054280.000000 
0.011360 13094970.000000 
0.011380 13002700.000000 
0.011360 13223920.000000 
0.011420 13263750.000000 
0.011450 13236820.000000 
0.011460 13260030.000000 
0.011490 13465490.000000 
0.011540 13416490.000000 
0.011540 13378950.000000 
0.011570 13450590.000000 
0.011600 13368920.000000 
0.011600 13344560.000000 
0.011730 13493000.000000 
0.011710 13507620.000000 
0.011730 13491280.000000 
0.011790 13623100.000000 
0.011810 13660930.000000 
0.011790 13572660.000000 
0.011870 13806790.000000 
0.011880 13687580.000000 
0.011890 13671820.000000 
0.011930 13903930.000000 
0.012000 13789590.000000 
0.012010 13871550.000000 
0.012050 13905080.000000 
0.012030 13915970.000000 
0.012100 13928860.000000 
0.012110 14081600.000000 
0.012150 13932870.000000 
0.012160 14026290.000000 
0.012210 14171000.000000 
0.012230 14043770.000000 
0.012270 14238350.000000 
0.012280 14239490.000000 
0.012330 14227170.000000 
0.012370 14299960.000000 
0.012400 14256690.000000 
0.012400 14149510.000000 
0.012430 14344370.000000 
0.012470 14518320.000000 
0.012500 14344090.000000 
0.012540 14452410.000000 
0.012550 14616610.000000 
0.012580 14385350.000000 
0.012600 14557290.000000 
0.012640 14697700.000000 
0.012670 14486790.000000 
0.012670 14619760.000000 
0.012710 14730370.000000 
0.012780 14585370.000000 
0.012800 14719200.000000 
0.012830 14805450.000000 
0.012850 14709740.000000 
0.012860 14780520.000000 
0.012920 14923800.000000 
0.012940 14910900.000000 
0.012980 14898580.000000 
0.013010 14941280.000000 
0.013020 14793130.000000 
0.013050 15035840.000000 
0.013090 15040140.000000 
0.013070 14902020.000000 
0.013110 15062780.000000 
0.013150 15227270.000000 
0.013170 15137860.000000 
0.013220 15170240.000000 
0.013240 15351350.000000 
0.013290 15241310.000000 
0.013310 15320110.000000 
0.013320 15289450.000000 
0.013340 15325560.000000 
0.013390 15399780.000000 
0.013400 15465400.000000 
0.013470 15299770.000000 
0.013510 15401780.000000 
0.013510 15485170.000000 
0.013560 15500070.000000 
0.013570 15636760.000000 
0.013610 15689200.000000 
0.013630 15655100.000000 
0.013680 15738210.000000 
0.013710 15825320.000000 
0.013730 15751670.000000 
0.013730 15735050.000000 
0.013770 15816720.000000 
0.013800 15876610.000000 
0.013880 15804110.000000 
0.013910 15926760.000000 
0.013920 15835350.000000 
0.013960 15960580.000000 
0.013950 16131940.000000 
0.013940 15950830.000000 
0.014040 16102420.000000 
0.014060 16205010.000000 
0.014070 16165180.000000 
0.014120 16141400.000000 
0.014160 16217620.000000 
0.014190 16184380.000000 
0.014240 16243990.000000 
0.014230 16264900.000000 
0.014270 16304450.000000 
0.014280 16269490.000000 
0.014330 16344850.000000 
0.014340 16416210.000000 
0.014360 16522520.000000 
0.014420 16563790.000000 
0.014470 16534560.000000 
0.014460 16594450.000000 
0.014480 16626830.000000 
0.014520 16656920.000000 
0.014560 16581550.000000 
0.014570 16680420.000000 
0.014600 16608780.000000 
0.014630 16792750.000000 
0.014690 16779570.000000 
0.014730 16711370.000000 
0.014760 16855790.000000 
0.014770 16943480.000000 
0.014800 16879290.000000 
0.014810 16913390.000000 
0.014880 17074730.000000 
0.014910 16994770.000000 
0.014940 17159550.000000 
0.014950 17206260.000000 
0.014920 17074440.000000 
0.014980 17203680.000000 
0.015050 17200240.000000 
0.015060 17163850.000000 
0.015120 17190210.000000 
0.015050 17236630.000000 
0.015140 17244940.000000 
0.015190 17242360.000000 
0.015210 17418020.000000 
0.015210 17393380.000000 
0.015260 17352400.000000 
0.015300 17481350.000000 
0.015310 17480780.000000 
0.015360 17523190.000000 
0.015390 17637530.000000 
0.015390 17465020.000000 
0.015440 17626070.000000 
0.015490 17759030.000000 
0.015530 17521760.000000 
0.015540 17670770.000000 
0.015570 17624350.000000 
0.015520 17722350.000000 
0.015600 17596840.000000 
0.015620 17867640.000000 
0.015620 17763620.000000 
0.015710 17805740.000000 
0.015760 17857900.000000 
0.015740 17925810.000000 
0.015730 17892280.000000 
0.015770 17983410.000000 
0.015810 18147610.000000 
0.015820 18059350.000000 
0.015870 18075110.000000 
0.015940 18175690.000000 
0.015930 18015500.000000 
0.015960 18091730.000000 
0.016020 18031840.000000 
0.016000 18112650.000000 
0.016050 18152770.000000 
0.016090 18198620.000000 
0.016110 18160220.000000 
0.016140 18305790.000000 
0.016150 18391470.000000 
0.016190 18378290.000000 
0.016210 18336170.000000 
0.016250 18566850.000000 
0.016320 18506670.000000 
0.016340 18488040.000000 
0.016350 18644500.000000 
0.016370 18594070.000000 
0.016400 18465120.000000 
0.016440 18547650.000000 
0.016450 18590630.000000 
0.016480 18568570.000000 
0.016500 18647080.000000 
0.016540 18658830.000000 
0.016600 18750250.000000 
0.016610 18830200.000000 
0.016660 18863720.000000 
0.016680 18886930.000000 
0.016700 18831630.000000 
0.016770 18937660.000000 
0.016780 19016170.000000 
0.016790 19011880.000000 
0.016810 18929920.000000 
0.016840 18928770.000000 
0.016880 19056010.000000 
0.016880 18914730.000000 
0.016940 18988660.000000 
0.016960 19115610.000000 
0.016980 19148280.000000 
0.017060 19168620.000000 
0.017080 19232530.000000 
0.017040 19160600.000000 
0.017150 19345720.000000 
0.017150 19439140.000000 
0.017170 19207880.000000 
0.017220 19295860.000000 
0.017240 19493580.000000 
0.017260 19352880.000000 
0.017280 19354890.000000 
0.017300 19517080.000000 
0.017360 19401310.000000 
0.017360 19454900.000000 
0.017430 19597890.000000 
0.017460 19546600.000000 
0.017470 19523390.000000 
0.017500 19700200.000000 
0.017540 19652050.000000 
0.017590 19716240.000000 
0.017610 19850640.000000 
0.017610 19756360.000000 
0.017660 19768970.000000 
0.017670 19807370.000000 
0.017710 19866970.000000 
0.017720 19902220.000000 
0.017760 19973570.000000 
0.017800 19885310.000000 
0.017790 19929160.000000 
0.017820 20025730.000000 
0.017860 20002520.000000 
0.017910 20128600.000000 
0.017940 20238070.000000 
0.017940 20069280.000000 
0.017990 20216860.000000 
0.018030 20328910.000000 
0.018070 20187630.000000 
0.018060 20105960.000000 
0.018120 20297100.000000 
0.018120 20216000.000000 
0.018200 20367600.000000 
0.018200 20295950.000000 
0.018240 20452130.000000 
0.018250 20427770.000000 
0.018330 20495400.000000 
0.018290 20568470.000000 
0.018340 20499700.000000 
0.018390 20619770.000000 
0.018400 20610310.000000 
0.018420 20736680.000000 
0.018440 20695420.000000 
0.018520 20631800.000000 
0.018490 20748720.000000 
0.018500 20677370.000000 
0.018540 20775370.000000 
0.018590 20755880.000000 
0.018620 20828380.000000 
0.018650 20838130.000000 
0.018700 20922090.000000 
0.018730 20920370.000000 
0.018750 20993160.000000 
0.018760 20918940.000000 
0.018830 21106350.000000 
0.018820 20923520.000000 
0.018860 21003190.000000 
0.018890 21150190.000000 
0.018930 21028400.000000 
0.018940 21185440.000000 
0.018960 21155350.000000 
0.018980 21168820.000000 
0.019040 21309230.000000 
0.019060 21316970.000000 
0.019050 21161940.000000 
0.019110 21323560.000000 
0.019150 21317830.000000 
0.019170 21304650.000000 
0.019200 21298920.000000 
0.019240 21331010.000000 
0.019270 21354800.000000 
0.019290 21506670.000000 
0.019360 21533900.000000 
0.019370 21559110.000000 
0.019420 21571440.000000 
0.019410 21595510.000000 
0.019470 21789220.000000 
0.019490 21724460.000000 
0.019490 21765440.000000 
0.019540 21727610.000000 
0.019570 21679470.000000 
0.019560 21685490.000000 
0.019590 21679180.000000 
0.019690 21726750.000000 
0.019720 21946550.000000 
0.019720 21763430.000000 
0.019780 21900410.000000 
0.019800 22017900.000000 
0.019820 21965740.000000 
0.019840 21986950.000000 
0.019870 22043120.000000 
0.019880 21908720.000000 
0.019900 22047700.000000 
0.019940 22049130.000000 
0.019970 22060310.000000 
0.020000 22048850.000000 
0.020050 22219060.000000 
0.020090 22119340.000000 
0.020110 22221360.000000 
