689 
-0.000030 -84110.000000 
-0.000020 -9170.000000 
-0.000030 45560.000000 
-0.000010 -47000.000000 
0.000020 5440.000000 
0.000050 65050.000000 
0.000090 -1860.000000 
0.000090 -4160.000000 
0.000150 127230.000000 
0.000120 74510.000000 
0.000250 155600.000000 
0.000210 191420.000000 
0.000270 294010.000000 
0.000310 412070.000000 
0.000330 533000.000000 
0.000360 527840.000000 
0.000400 611230.000000 
0.000420 623270.000000 
0.000480 640750.000000 
0.000480 547900.000000 
0.000520 612090.000000 
0.000570 631580.000000 
0.000580 721560.000000 
0.000620 837620.000000 
0.000650 774570.000000 
0.000690 849940.000000 
0.000690 1014140.000000 
0.000770 1043650.000000 
0.000800 1016720.000000 
0.000780 1084060.000000 
0.000820 1109280.000000 
0.000890 1222750.000000 
0.000910 1185220.000000 
0.000930 1206710.000000 
0.000980 1327640.000000 
0.000990 1375490.000000 
0.000980 1248830.000000 
0.001050 1333940.000000 
0.001070 1384660.000000 
0.001120 1428220.000000 
0.001160 1464610.000000 
0.001170 1619640.000000 
0.001180 1532810.000000 
0.001180 1603590.000000 
0.001270 1734270.000000 
0.001310 1671510.000000 
0.001310 1726530.000000 
0.001340 1723090.000000 
0.001370 1790720.000000 
0.001410 1691850.000000 
0.001430 1866080.000000 
0.001450 1838000.000000 
0.001500 1960360.000000 
0.001550 2102500.000000 
0.001510 2142040.000000 
0.001570 2126280.000000 
0.001640 2201650.000000 
0.001640 2131150.000000 
0.001690 2261820.000000 
0.001710 2399660.000000 
0.001760 2212250.000000 
0.001710 2205940.000000 
0.001810 2453820.000000 
0.001810 2248360.000000 
0.001830 2348940.000000 
0.001830 2449520.000000 
0.001900 2498520.000000 
0.001940 2571310.000000 
0.001970 2665870.000000 
0.001980 2670750.000000 
0.001970 2789670.000000 
0.002030 2758720.000000 
0.002050 2695960.000000 
0.002080 2755280.000000 
0.002110 2869620.000000 
0.002160 2712870.000000 
0.002200 2836380.000000 
0.002210 2989120.000000 
0.002210 2984240.000000 
0.002290 3009750.000000 
0.002260 3048720.000000 
0.002340 3106320.000000 
0.002380 3175950.000000 
0.002380 3290580.000000 
0.002440 3292870.000000 
0.002420 3217220.000000 
0.002450 3361070.000000 
0.002480 3361640.000000 
0.002500 3285990.000000 
0.002550 3308060.000000 
0.002580 3294880.000000 
0.002640 3439020.000000 
0.002650 3525560.000000 
0.002680 3486010.000000 
0.002710 3751080.000000 
0.002750 3629290.000000 
0.002750 3592610.000000 
0.002800 3682020.000000 
0.002830 3687750.000000 
0.002840 3725000.000000 
0.002860 3782030.000000 
0.002890 3770280.000000 
0.002950 3876880.000000 
0.002950 3798650.000000 
0.002970 3980900.000000 
0.003040 3953110.000000 
0.003080 4092660.000000 
0.003090 4211010.000000 
0.003120 4264310.000000 
0.003150 4147970.000000 
0.003140 4292680.000000 
0.003220 4229920.000000 
0.003240 4350280.000000 
0.003250 4359740.000000 
0.003280 4290100.000000 
0.003310 4310160.000000 
0.003330 4500150.000000 
0.003360 4326490.000000 
0.003380 4400430.000000 
0.003430 4695870.000000 
0.003490 4590700.000000 
0.003490 4701320.000000 
0.003510 4802760.000000 
0.003530 4670650.000000 
0.003620 4809640.000000 
0.003610 4792730.000000 
0.003600 4804190.000000 
0.003630 4827980.000000 
0.003720 4876410.000000 
0.003720 4867810.000000 
0.003720 4979570.000000 
0.003790 5116540.000000 
0.003830 5054930.000000 
0.003810 5111380.000000 
0.003840 5307680.000000 
0.003890 5162110.000000 
0.003930 5236040.000000 
0.003960 5258680.000000 
0.003970 5286760.000000 
0.003960 5305390.000000 
0.004030 5450960.000000 
0.004060 5350380.000000 
0.004060 5323440.000000 
0.004110 5453830.000000 
0.004120 5498240.000000 
0.004200 5505120.000000 
0.004230 5672760.000000 
0.004250 5591660.000000 
0.004250 5732940.000000 
0.004320 5823490.000000 
0.004330 5786810.000000 
0.004310 5568740.000000 
0.004340 5699410.000000 
0.004380 5884810.000000 
0.004440 5861310.000000 
0.004440 5897710.000000 
0.004470 6008610.000000 
0.004490 6019780.000000 
0.004560 6026950.000000 
0.004590 6105180.000000 
0.004590 6068210.000000 
0.004610 6158190.000000 
0.004690 6280270.000000 
0.004690 6188570.000000 
0.004710 6204040.000000 
0.004770 6231550.000000 
0.004780 6316090.000000 
0.004770 6349040.000000 
0.004800 6507510.000000 
0.004860 6396900.000000 
0.004890 6480290.000000 
0.004940 6528140.000000 
0.004940 6541900.000000 
0.004980 6676580.000000 
0.005020 6716130.000000 
0.005020 6563960.000000 
0.005050 6748220.000000 
0.005100 6769140.000000 
0.005150 6683170.000000 
0.005170 6752520.000000 
0.005180 6813270.000000 
0.005230 6841070.000000 
0.005260 6916150.000000 
0.005240 6996090.000000 
0.005280 7002110.000000 
0.005320 7033350.000000 
0.005380 7145680.000000 
0.005420 7019020.000000 
0.005410 7055990.000000 
0.005450 7260880.000000 
0.005480 7150840.000000 
0.005520 7239390.000000 
0.005530 7276350.000000 
0.005520 7367480.000000 
0.005580 7336240.000000 
0.005640 7476080.000000 
0.005650 7416190.000000 
0.005680 7529380.000000 
0.005740 7652890.000000 
0.005740 7566640.000000 
0.005780 7658050.000000 
0.005750 7599020.000000 
0.005830 7626820.000000 
0.005870 7615640.000000 
0.005870 7642290.000000 
0.005930 7728260.000000 
0.005930 7731120.000000 
0.005950 7874980.000000 
0.006010 7891600.000000 
0.006050 8036880.000000 
0.006070 8120560.000000 
0.006100 8048920.000000 
0.006120 8088750.000000 
0.006140 8221430.000000 
0.006170 8045190.000000 
0.006180 8162970.000000 
0.006200 8191630.000000 
0.006260 8186180.000000 
0.006320 8223720.000000 
0.006300 8381330.000000 
0.006340 8350950.000000 
0.006350 8426610.000000 
0.006440 8584790.000000 
0.006470 8480190.000000 
0.006480 8601120.000000 
0.006450 8552690.000000 
0.006520 8573040.000000 
0.006580 8626340.000000 
0.006570 8691680.000000 
0.006610 8643250.000000 
0.006630 8696550.000000 
0.006660 8829800.000000 
0.006720 8775920.000000 
0.006750 8846420.000000 
0.006770 8845270.000000 
0.006750 8976230.000000 
0.006850 8963620.000000 
0.006910 9133550.000000 
0.006880 9042430.000000 
0.006890 9142720.000000 
0.006950 9169090.000000 
0.006980 9152180.000000 
0.007000 9121800.000000 
0.006990 9263080.000000 
0.007020 9198890.000000 
0.007100 9353340.000000 
0.007120 9397760.000000 
0.007190 9484300.000000 
0.007170 9429000.000000 
0.007260 9583170.000000 
0.007270 9535310.000000 
0.007280 9466250.000000 
0.007270 9603230.000000 
0.007320 9614970.000000 
0.007370 9541040.000000 
0.007380 9628440.000000 
0.007420 9593770.000000 
0.007460 9851960.000000 
0.007480 9755100.000000 
0.007470 9759400.000000 
0.007540 9889210.000000 
0.007580 10072040.000000 
0.007610 9905830.000000 
0.007620 9958850.000000 
0.007640 10091810.000000 
0.007700 9982920.000000 
0.007670 10031350.000000 
0.007740 10177780.000000 
0.007760 10037370.000000 
0.007760 10238530.000000 
0.007800 10320490.000000 
0.007850 10313040.000000 
0.007860 10252570.000000 
0.007920 10340830.000000 
0.007950 10388690.000000 
0.007920 10484690.000000 
0.008030 10606470.000000 
0.008040 10381520.000000 
0.008050 10528240.000000 
0.008080 10561480.000000 
0.008120 10421360.000000 
0.008150 10594150.000000 
0.008150 10612210.000000 
0.008160 10702190.000000 
0.008210 10863810.000000 
0.008250 10957800.000000 
0.008280 10724540.000000 
0.008310 10798180.000000 
0.008340 10840590.000000 
0.008370 10925990.000000 
0.008370 10848050.000000 
0.008410 10918250.000000 
0.008410 10958370.000000 
0.008500 11039180.000000 
0.008530 11193060.000000 
0.008530 11000500.000000 
0.008560 11220290.000000 
0.008570 11283620.000000 
0.008640 11234330.000000 
0.008630 11275020.000000 
0.008660 11416300.000000 
0.008690 11379900.000000 
0.008700 11392220.000000 
0.008740 11355260.000000 
0.008760 11323160.000000 
0.008800 11514300.000000 
0.008870 11569890.000000 
0.008900 11604570.000000 
0.008900 11583930.000000 
0.008890 11780230.000000 
0.008950 11676490.000000 
0.008990 11688530.000000 
0.008990 11618610.000000 
0.008990 11795990.000000 
0.009060 11771060.000000 
0.009070 11839830.000000 
0.009070 11850430.000000 
0.009100 11730080.000000 
0.009140 11988270.000000 
0.009160 11921220.000000 
0.009210 12005750.000000 
0.009210 12079680.000000 
0.009270 12058190.000000 
0.009320 12049590.000000 
0.009330 12133840.000000 
0.009320 12180270.000000 
0.009380 12139580.000000 
0.009390 12071660.000000 
0.009430 12271110.000000 
0.009480 12260790.000000 
0.009520 12367680.000000 
0.009510 12380290.000000 
0.009520 12367680.000000 
0.009590 12402920.000000 
0.009580 12586610.000000 
0.009600 12590620.000000 
0.009640 12538180.000000 
0.009680 12727310.000000 
0.009720 12606670.000000 
0.009770 12618420.000000 
0.009770 12761410.000000 
0.009780 12758830.000000 
0.009840 12735050.000000 
0.009880 12866870.000000 
0.009930 12747940.000000 
0.009950 13000690.000000 
0.009980 13078060.000000 
0.009990 12891510.000000 
0.010040 13033360.000000 
0.010030 13086660.000000 
0.010050 13041380.000000 
0.010080 13145690.000000 
0.010150 13137380.000000 
0.010200 13156010.000000 
0.010260 13278080.000000 
0.010260 13259170.000000 
0.010270 13387830.000000 
0.010300 13393850.000000 
0.010320 13437410.000000 
0.010390 13390700.000000 
0.010400 13477810.000000 
0.010450 13547160.000000 
0.010430 13587570.000000 
0.010460 13612210.000000 
0.010520 13614220.000000 
0.010520 13619660.000000 
0.010630 13620810.000000 
0.010610 13790450.000000 
0.010640 13740300.000000 
0.010650 13911950.000000 
0.010680 13775260.000000 
0.010720 13941760.000000 
0.010780 13871830.000000 
0.010770 13958660.000000 
0.010810 13946910.000000 
0.010830 13946050.000000 
0.010860 14080160.000000 
0.010900 13944050.000000 
0.010930 13978150.000000 
0.010980 14208830.000000 
0.011010 14152380.000000 
0.011020 14218860.000000 
0.011050 14285050.000000 
0.011070 14250100.000000 
0.011100 14323450.000000 
0.011140 14428340.000000 
0.011180 14340080.000000 
0.011200 14418590.000000 
0.011240 14519750.000000 
0.011270 14532070.000000 
0.011320 14530060.000000 
0.011320 14599130.000000 
0.011310 14494820.000000 
0.011360 14619470.000000 
0.011440 14800000.000000 
0.011430 14745560.000000 
0.011430 14824360.000000 
0.011470 14822360.000000 
0.011490 14777080.000000 
0.011520 14907180.000000 
0.011580 14873650.000000 
0.011630 14851300.000000 
0.011610 14965640.000000 
0.011650 15079110.000000 
0.011700 15073670.000000 
0.011690 15068800.000000 
0.011760 15180270.000000 
0.011800 15162220.000000 
0.011850 15274550.000000 
0.011820 15261940.000000 
0.011900 15181130.000000 
0.011910 15161650.000000 
0.011940 15263370.000000 
0.011960 15179120.000000 
0.012010 15466550.000000 
0.011990 15462820.000000 
0.012020 15486610.000000 
0.012100 15594060.000000 
0.012100 15770590.000000 
0.012140 15558240.000000 
0.012190 15706970.000000 
0.012200 15701240.000000 
0.012250 15718430.000000 
0.012260 15700950.000000 
0.012280 15776890.000000 
0.012330 15776320.000000 
0.012380 15831620.000000 
0.012350 15910720.000000 
0.012390 15898680.000000 
0.012450 15996400.000000 
0.012450 16037660.000000 
0.012470 16046830.000000 
0.012510 16061450.000000 
0.012570 16219050.000000 
0.012560 16043110.000000 
0.012630 16023620.000000 
0.012640 16255450.000000 
0.012670 16151710.000000 
0.012740 16253730.000000 
0.012740 16322500.000000 
0.012760 16342560.000000 
0.012770 16499020.000000 
0.012820 16614790.000000 
0.012870 16407900.000000 
0.012870 16435980.000000 
0.012920 16551460.000000 
0.012910 16486990.000000 
0.012970 16564070.000000 
0.013010 16607630.000000 
0.013050 16714520.000000 
0.013030 16654910.000000 
0.013080 16791600.000000 
0.013080 16785870.000000 
0.013180 16764670.000000 
0.013140 16895340.000000 
0.013190 16880150.000000 
0.013230 17032890.000000 
0.013240 17036330.000000 
0.013310 16983020.000000 
0.013360 16983600.000000 
0.013370 17030880.000000 
0.013380 17075870.000000 
0.013430 17173590.000000 
0.013420 17128600.000000 
0.013480 17283910.000000 
0.013510 17329760.000000 
0.013500 17439800.000000 
0.013550 17266150.000000 
0.013610 17362140.000000 
0.013570 17518030.000000 
0.013640 17273880.000000 
0.013670 17401980.000000 
0.013700 17570190.000000 
0.013730 17455280.000000 
0.013770 17588530.000000 
0.013790 17708020.000000 
0.013810 17640400.000000 
0.013880 17661030.000000 
0.013880 17767340.000000 
0.013910 17665040.000000 
0.013980 17796860.000000 
0.013940 17717770.000000 
0.013950 17722070.000000 
0.013970 17771930.000000 
0.014010 17846150.000000 
0.014090 17864200.000000 
0.014050 17805740.000000 
0.014120 17951310.000000 
0.014160 18101760.000000 
0.014180 18080840.000000 
0.014210 18139580.000000 
0.014220 18139300.000000 
0.014250 18154770.000000 
0.014280 18132420.000000 
0.014340 18208360.000000 
0.014340 18193750.000000 
0.014410 18250480.000000 
0.014400 18394620.000000 
0.014410 18180560.000000 
0.014480 18494630.000000 
0.014470 18499790.000000 
0.014550 18464830.000000 
0.014560 18446780.000000 
0.014600 18618140.000000 
0.014590 18591200.000000 
0.014660 18639350.000000 
0.014670 18649380.000000 
0.014710 18582610.000000 
0.014720 18625590.000000 
0.014790 18798670.000000 
0.014750 18733050.000000 
0.014800 18796090.000000 
0.014870 18954850.000000 
0.014890 18729040.000000 
0.014920 18992680.000000 
0.014910 19024200.000000 
0.014950 19054000.000000 
0.014980 19029360.000000 
0.015040 19107590.000000 
0.015020 19062880.000000 
0.015100 19169480.000000 
0.015030 19186390.000000 
0.015120 19030790.000000 
0.015180 19166620.000000 
0.015220 19268920.000000 
0.015220 19254020.000000 
0.015250 19252590.000000 
0.015300 19473240.000000 
0.015290 19354600.000000 
0.015300 19482120.000000 
0.015400 19553190.000000 
0.015400 19499320.000000 
0.015450 19439430.000000 
0.015450 19454040.000000 
0.015480 19439140.000000 
0.015500 19570380.000000 
0.015530 19697900.000000 
0.015580 19669530.000000 
0.015590 19603620.000000 
0.015620 19791890.000000 
0.015660 19786740.000000 
0.015630 19799630.000000 
0.015730 20029170.000000 
0.015730 19932880.000000 
0.015820 19818830.000000 
0.015810 19997360.000000 
0.015890 20002230.000000 
0.015860 19971570.000000 
0.015890 20094500.000000 
0.015940 20023440.000000 
0.015950 20020570.000000 
0.015990 20165570.000000 
0.016000 20157550.000000 
0.016080 20188490.000000 
0.016080 20293660.000000 
0.016130 20379060.000000 
0.016110 20360430.000000 
0.016160 20366160.000000 
0.016190 20385360.000000 
0.016210 20426910.000000 
0.016280 20518040.000000 
0.016280 20394530.000000 
0.016320 20474770.000000 
0.016360 20592540.000000 
0.016370 20644130.000000 
0.016400 20573630.000000 
0.016440 20624350.000000 
0.016480 20780820.000000 
0.016500 20860480.000000 
0.016510 20833260.000000 
0.016560 20956190.000000 
0.016560 20769070.000000 
0.016610 20805170.000000 
0.016640 20962780.000000 
0.016660 20927820.000000 
0.016710 20953900.000000 
0.016710 20912350.000000 
0.016760 21002610.000000 
0.016780 21103770.000000 
0.016810 21058780.000000 
0.016840 21179710.000000 
0.016880 21196620.000000 
0.016870 21242470.000000 
0.016930 21343620.000000 
0.016970 21343330.000000 
0.016980 21354510.000000 
0.017040 21400650.000000 
0.017020 21421280.000000 
0.017070 21318400.000000 
0.017090 21517280.000000 
0.017130 21546220.000000 
0.017130 21392050.000000 
0.017230 21555100.000000 
0.017210 21588630.000000 
0.017240 21605250.000000 
0.017280 21695520.000000 
0.017300 21714140.000000 
0.017350 21751970.000000 
0.017360 21721020.000000 
0.017400 21952280.000000 
0.017410 21794380.000000 
0.017460 21885790.000000 
0.017480 21904990.000000 
0.017530 21841660.000000 
0.017550 21817590.000000 
0.017540 21956290.000000 
0.017590 21995550.000000 
0.017590 21971760.000000 
0.017700 21979790.000000 
0.017680 22044260.000000 
0.017740 22264060.000000 
0.017750 22212760.000000 
0.017770 22275520.000000 
0.017790 22207890.000000 
0.017840 22382980.000000 
0.017850 22228520.000000 
0.017910 22346870.000000 
0.017910 22266630.000000 
0.017920 22381540.000000 
0.017990 22458340.000000 
0.018010 22475540.000000 
0.018020 22586720.000000 
0.018070 22453180.000000 
0.018090 22699630.000000 
0.018120 22610510.000000 
0.018180 22729140.000000 
0.018180 22691890.000000 
0.018220 22807090.000000 
0.018260 22633430.000000 
0.018280 22815970.000000 
0.018320 22759520.000000 
0.018340 22784160.000000 
0.018370 22741750.000000 
0.018370 22867270.000000 
0.018420 22949220.000000 
0.018460 23001950.000000 
0.018480 22945500.000000 
0.018510 22902510.000000 
0.018520 23108260.000000 
0.018590 22980460.000000 
0.018590 23211140.000000 
0.018630 23148960.000000 
0.018640 23064990.000000 
0.018680 23204830.000000 
0.018720 23267020.000000 
0.018730 23151530.000000 
0.018780 23273320.000000 
0.018790 23337220.000000 
0.018840 23421470.000000 
0.018820 23376480.000000 
0.018870 23472480.000000 
0.018970 23455000.000000 
0.018920 23555300.000000 
0.018970 23632670.000000 
0.019030 23596560.000000 
0.019030 23575070.000000 
0.019090 23598570.000000 
0.019100 23536960.000000 
0.019140 23647000.000000 
0.019170 23789130.000000 
0.019200 23672790.000000 
0.019210 23765060.000000 
0.019210 23782540.000000 
0.019240 23841860.000000 
0.019220 23810620.000000 
0.019320 23843580.000000 
0.019340 23957920.000000 
0.019360 23891720.000000 
0.019420 23938140.000000 
0.019390 23870520.000000 
0.019440 23983420.000000 
0.019480 23974820.000000 
0.019510 24011790.000000 
0.019520 24046460.000000 
0.019590 24106930.000000 
0.019570 24150770.000000 
0.019610 24241900.000000 
0.019690 24247060.000000 
0.019630 24385460.000000 
0.019730 24341050.000000 
0.019750 24298920.000000 
0.019720 24453950.000000 
0.019820 24321560.000000 
0.019850 24322990.000000 
0.019820 24453380.000000 
0.019890 24588060.000000 
0.019940 24605830.000000 
0.019950 24518710.000000 
0.019940 24541930.000000 
